LabVIEW Measurement	
Writer_Version	2
Reader_Version	2
Separator	Tab
Decimal_Separator	.
Multi_Headings	Yes
X_Columns	One
Time_Pref	Absolute
Operator	labuser
Date	2023/05/22
Time	15:58:27.4292370499997813977
***End_of_Header***	
	
Channels	1	
Samples	700	
Date	2023/05/22	
Time	15:58:27.4292370499997813977	
Y_Unit_Label	Volts	
X_Dimension	Time	
X0	0.0000000000000000E+0	
Delta_X	0.007143	
***End_of_Header***		
X_Value	Voltage	Comment
0.000000	1.518829
0.007143	1.268140
0.014286	1.545587
0.021429	1.428683
0.028571	1.494302
0.035714	1.436647
0.042857	1.478057
0.050000	1.456714
0.057143	1.557372
0.064286	1.508318
0.071429	1.519785
0.078571	1.507681
0.085714	1.297127
0.092857	1.294260
0.100000	1.400015
0.107143	1.425816
0.114286	1.323247
0.121428	1.496850
0.128571	1.261451
0.135714	1.380902
0.142857	1.637326
0.150000	1.428046
0.157143	1.271325
0.164286	1.292986
0.171428	1.522015
0.178571	1.319425
0.185714	1.527111
0.192857	1.533801
0.200000	1.535393
0.207143	1.295534
0.214285	1.445884
0.221428	1.515963
0.228571	1.351278
0.235714	1.435054
0.242857	1.466908
0.250000	1.563425
0.257143	1.586997
0.264285	1.522652
0.271428	1.380584
0.278571	1.489842
0.285714	1.377717
0.292857	1.422949
0.300000	1.306683
0.307143	1.491435
0.314285	1.395874
0.321428	1.501310
0.328571	1.586041
0.335714	1.440788
0.342857	1.383769
0.350000	1.473597
0.357143	1.498443
0.364285	1.480923
0.371428	1.510547
0.378571	1.428365
0.385714	1.455122
0.392857	1.513414
0.400000	1.490798
0.407142	1.296490
0.414285	1.508318
0.421428	1.408934
0.428571	1.242657
0.435714	1.426135
0.442857	1.230234
0.450000	1.458307
0.457142	1.515963
0.464285	1.403200
0.471428	1.314009
0.478571	1.587315
0.485714	1.477419
0.492857	1.502584
0.499999	1.406067
0.507142	1.421675
0.514285	1.393007
0.521428	1.449070
0.528571	1.440469
0.535714	1.460537
0.542857	1.404793
0.549999	1.535075
0.557142	1.414349
0.564285	1.401607
0.571428	1.536030
0.578571	1.446521
0.585714	1.566292
0.592857	1.482198
0.599999	1.551002
0.607142	1.540490
0.614285	1.623947
0.621428	1.342678
0.628571	1.377080
0.635714	1.504177
0.642857	1.510547
0.649999	1.461174
0.657142	1.489205
0.664285	1.382814
0.671428	1.335989
0.678571	1.398741
0.685714	1.547816
0.692856	1.411164
0.699999	1.394600
0.707142	1.445247
0.714285	1.444929
0.721428	1.522970
0.728571	1.443017
0.735714	1.422312
0.742856	1.552594
0.749999	1.522970
0.757142	1.495895
0.764285	1.288526
0.771428	1.457670
0.778571	1.567884
0.785713	1.385680
0.792856	1.435691
0.799999	1.599738
0.807142	1.506725
0.814285	1.507999
0.821428	1.329936
0.828571	1.310506
0.835713	1.379947
0.842856	1.486339
0.849999	1.455759
0.857142	1.500036
0.864285	1.472641
0.871428	1.447158
0.878571	1.391096
0.885713	1.429320
0.892856	1.583174
0.899999	1.489205
0.907142	1.552913
0.914285	1.521059
0.921428	1.495895
0.928570	1.514051
0.935713	1.452892
0.942856	1.430276
0.949999	1.435372
0.957142	1.396192
0.964285	1.424861
0.971428	1.469137
0.978570	1.422949
0.985713	1.470412
0.992856	1.440150
0.999999	1.504814
1.007142	1.388547
1.014285	1.483153
1.021428	1.391733
1.028570	1.378673
1.035713	1.507043
1.042856	1.471049
1.049999	1.457989
1.057142	1.415305
1.064285	1.500036
1.071427	1.503858
1.078570	1.413712
1.085713	1.447477
1.092856	1.429957
1.099999	1.349049
1.107142	1.355419
1.114285	1.515644
1.121427	1.427409
1.128570	1.519148
1.135713	1.371346
1.142856	1.507362
1.149999	1.505132
1.157142	1.497487
1.164285	1.302861
1.171427	1.429957
1.178570	1.494302
1.185713	1.627132
1.192856	1.421675
1.199999	1.371983
1.207142	1.457989
1.214284	1.493983
1.221427	1.575848
1.228570	1.380265
1.235713	1.536349
1.242856	1.445566
1.249999	1.294897
1.257142	1.600057
1.264284	1.470093
1.271427	1.535712
1.278570	1.319106
1.285713	1.321973
1.292856	1.336307
1.299999	1.386636
1.307142	1.379310
1.314284	1.541127
1.321427	1.450981
1.328570	1.393007
1.335713	1.307320
1.342856	1.392051
1.349999	1.371346
1.357141	1.565973
1.364284	1.492391
1.371427	1.472004
1.378570	1.500991
1.385713	1.434735
1.392856	1.442380
1.399999	1.370709
1.407141	1.540171
1.414284	1.523289
1.421427	1.532845
1.428570	1.474234
1.435713	1.448114
1.442856	1.360516
1.449999	1.486976
1.457141	1.507362
1.464284	1.414986
1.471427	1.460218
1.478570	1.536030
1.485713	1.501310
1.492856	1.547498
1.499999	1.593049
1.507141	1.422949
1.514284	1.485701
1.521427	1.451299
1.528570	1.533801
1.535713	1.563425
1.542856	1.450662
1.549998	1.464041
1.557141	1.477419
1.564284	1.459900
1.571427	1.500673
1.578570	1.396829
1.585713	1.348730
1.592856	1.350641
1.599998	1.261451
1.607141	1.471367
1.614284	1.463722
1.621427	1.365931
1.628570	1.381540
1.635713	1.344271
1.642856	1.515007
1.649998	1.436965
1.657141	1.490798
1.664284	1.459900
1.671427	1.435372
1.678570	1.463085
1.685713	1.542401
1.692855	1.471049
1.699998	1.389184
1.707141	1.382177
1.714284	1.510547
1.721427	1.363383
1.728570	1.535393
1.735713	1.541446
1.742855	1.472323
1.749998	1.594323
1.757141	1.463404
1.764284	1.537623
1.771427	1.384088
1.778570	1.495576
1.785713	1.351597
1.792855	1.656119
1.799998	1.507999
1.807141	1.356694
1.814284	1.515007
1.821427	1.375169
1.828570	1.390777
1.835712	1.449388
1.842855	1.481242
1.849998	1.332485
1.857141	1.572662
1.864284	1.562469
1.871427	1.349049
1.878570	1.502902
1.885712	1.336944
1.892855	1.436328
1.899998	1.314647
1.907141	1.368479
1.914284	1.417853
1.921427	1.359560
1.928570	1.548772
1.935712	1.564699
1.942855	1.404474
1.949998	1.350004
1.957141	1.443973
1.964284	1.379947
1.971427	1.367205
1.978569	1.307002
1.985712	1.433780
1.992855	1.481242
1.999998	1.488887
2.007141	1.443336
2.014284	1.542083
2.021427	1.404474
2.028569	1.513414
2.035712	1.326751
2.042855	1.442380
2.049998	1.387910
2.057141	1.552594
2.064284	1.362746
2.071426	1.521696
2.078569	1.520104
2.085712	1.569477
2.092855	1.401289
2.099998	1.337263
2.107141	1.439195
2.114284	1.527111
2.121426	1.385362
2.128569	1.534756
2.135712	1.634140
2.142855	1.333759
2.149998	1.287252
2.157141	1.507362
2.164284	1.371028
2.171426	1.491435
2.178569	1.487613
2.185712	1.481879
2.192855	1.563425
2.199998	1.483472
2.207141	1.472323
2.214284	1.376124
2.221426	1.463404
2.228569	1.477738
2.235712	1.382177
2.242855	1.498124
2.249998	1.417853
2.257141	1.566292
2.264283	1.411801
2.271426	1.424861
2.278569	1.453211
2.285712	1.472004
2.292855	1.479012
2.299998	1.449070
2.307141	1.511503
2.314283	1.449388
2.321426	1.559284
2.328569	1.527111
2.335712	1.440469
2.342855	1.430913
2.349998	1.446840
2.357140	1.357649
2.364283	1.462767
2.371426	1.365613
2.378569	1.510866
2.385712	1.574574
2.392855	1.488887
2.399998	1.585404
2.407140	1.444929
2.414283	1.461174
2.421426	1.419446
2.428569	1.478694
2.435712	1.570751
2.442855	1.415305
2.449998	1.413393
2.457140	1.415305
2.464283	1.495258
2.471426	1.428365
2.478569	1.528704
2.485712	1.425816
2.492855	1.408615
2.499998	1.408297
2.507140	1.393644
2.514283	1.519466
2.521426	1.443973
2.528569	1.565017
2.535712	1.518829
2.542855	1.395555
2.549997	1.483153
2.557140	1.527430
2.564283	1.382495
2.571426	1.575211
2.578569	1.373258
2.585712	1.414349
2.592855	1.432824
2.599997	1.346500
2.607140	1.465952
2.614283	1.399378
2.621426	1.429002
2.628569	1.439195
2.635712	1.693388
2.642854	1.376443
2.649997	1.481560
2.657140	1.359879
2.664283	1.468182
2.671426	1.445884
2.678569	1.419764
2.685712	1.496850
2.692854	1.468500
2.699997	1.552913
2.707140	1.501310
2.714283	1.422312
2.721426	1.499080
2.728569	1.378673
2.735712	1.316876
2.742854	1.370391
2.749997	1.438239
2.757140	1.403519
2.764283	1.430276
2.771426	1.528386
2.778569	1.338218
2.785712	1.411801
2.792854	1.546542
2.799997	1.479331
2.807140	1.433780
2.814283	1.513414
2.821426	1.438239
2.828569	1.392688
2.835711	1.540171
2.842854	1.537623
2.849997	1.478694
2.857140	1.429639
2.864283	1.531889
2.871426	1.508636
2.878569	1.458626
2.885711	1.443017
2.892854	1.429002
2.899997	1.378991
2.907140	1.384725
2.914283	1.599419
2.921426	1.572344
2.928568	1.590500
2.935711	1.564380
2.942854	1.544631
2.949997	1.466271
2.957140	1.548453
2.964283	1.437921
2.971426	1.533482
2.978568	1.385999
2.985711	1.480286
2.992854	1.527748
2.999997	1.353827
3.007140	1.582856
3.014283	1.375806
3.021426	1.488250
3.028568	1.486020
3.035711	1.438239
3.042854	1.546861
3.049997	1.347137
3.057140	1.559921
3.064283	1.314328
3.071426	1.449707
3.078568	1.499399
3.085711	1.470412
3.092854	1.443973
3.099997	1.386636
3.107140	1.499717
3.114283	1.485064
3.121425	1.494620
3.128568	1.521696
3.135711	1.538579
3.142854	1.410526
3.149997	1.543994
3.157140	1.495895
3.164283	1.589863
3.171425	1.385043
3.178568	1.361790
3.185711	1.545587
3.192854	1.458626
3.199997	1.411482
3.207140	1.491435
3.214282	1.541127
3.221425	1.360516
3.228568	1.508636
3.235711	1.242020
3.242854	1.518829
3.249997	1.257310
3.257140	1.429957
3.264282	1.388547
3.271425	1.518511
3.278568	1.357012
3.285711	1.437284
3.292854	1.511822
3.299997	1.485064
3.307140	1.368479
3.314282	1.373258
3.321425	1.561832
3.328568	1.527748
3.335711	1.418171
3.342854	1.561832
3.349997	1.455122
3.357140	1.426453
3.364282	1.495895
3.371425	1.426772
3.378568	1.514688
3.385711	1.454485
3.392854	1.414349
3.399997	1.494302
3.407139	1.543357
3.414282	1.593367
3.421425	1.457033
3.428568	1.576166
3.435711	1.591775
3.442854	1.500036
3.449997	1.470730
3.457139	1.424861
3.464282	1.417534
3.471425	1.411801
3.478568	1.485701
3.485711	1.471049
3.492854	1.598464
3.499996	1.308594
3.507139	1.473916
3.514282	1.463722
3.521425	1.472641
3.528568	1.452255
3.535711	1.522970
3.542854	1.415942
3.549996	1.488250
3.557139	1.488568
3.564282	1.384406
3.571425	1.315921
3.578568	1.395555
3.585711	1.543357
3.592854	1.572662
3.599996	1.571388
3.607139	1.425498
3.614282	1.468500
3.621425	1.397785
3.628568	1.520104
3.635711	1.370709
3.642854	1.429002
3.649996	1.379628
3.657139	1.297127
3.664282	1.337581
3.671425	1.482198
3.678568	1.454166
3.685711	1.347137
3.692853	1.346500
3.699996	1.276103
3.707139	1.537305
3.714282	1.356694
3.721425	1.391414
3.728568	1.548135
3.735711	1.436965
3.742853	1.571070
3.749996	1.380584
3.757139	1.396192
3.764282	1.397466
3.771425	1.410845
3.778568	1.393644
3.785710	1.297764
3.792853	1.620443
3.799996	1.495576
3.807139	1.590819
3.814282	1.433461
3.821425	1.429639
3.828568	1.364020
3.835710	1.456396
3.842853	1.487613
3.849996	1.436965
3.857139	1.364338
3.864282	1.248072
3.871425	1.382495
3.878568	1.471049
3.885710	1.357649
3.892853	1.565336
3.899996	1.543357
3.907139	1.284704
3.914282	1.473916
3.921425	1.462448
3.928568	1.368479
3.935710	1.389184
3.942853	1.402563
3.949996	1.480286
3.957139	1.385680
3.964282	1.383769
3.971425	1.335351
3.978567	1.386318
3.985710	1.519148
3.992853	1.480605
3.999996	1.289163
4.007139	1.430594
4.014282	1.456396
4.021425	1.505132
4.028567	1.487931
4.035710	1.468819
4.042853	1.433461
4.049996	1.473597
4.057139	1.379947
4.064282	1.345863
4.071424	1.259539
4.078567	1.498761
4.085710	1.531889
4.092853	1.502584
4.099996	1.530615
4.107139	1.357331
4.114282	1.461811
4.121424	1.460855
4.128567	1.406067
4.135710	1.598145
4.142853	1.460218
4.149996	1.505451
4.157139	1.450025
4.164282	1.312735
4.171424	1.587952
4.178567	1.328025
4.185710	1.483153
4.192853	1.394600
4.199996	1.428365
4.207139	1.301905
4.214282	1.484427
4.221424	1.406067
4.228567	1.389503
4.235710	1.487294
4.242853	1.394281
4.249996	1.397148
4.257139	1.241383
4.264281	1.607064
4.271424	1.509592
4.278567	1.380902
4.285710	1.335670
4.292853	1.458626
4.299996	1.472641
4.307139	1.255398
4.314281	1.586678
4.321424	1.374532
4.328567	1.376761
4.335710	1.420083
4.342853	1.446840
4.349996	1.460218
4.357139	1.432187
4.364281	1.359560
4.371424	1.464678
4.378567	1.357968
4.385710	1.372302
4.392853	1.474871
4.399996	1.441425
4.407138	1.427409
4.414281	1.464041
4.421424	1.459581
4.428567	1.463722
4.435710	1.448432
4.442853	1.562788
4.449996	1.464041
4.457138	1.430276
4.464281	1.317832
4.471424	1.438876
4.478567	1.423268
4.485710	1.308276
4.492853	1.367842
4.499995	1.387592
4.507138	1.492391
4.514281	1.498761
4.521424	1.591775
4.528567	1.492391
4.535710	1.441425
4.542853	1.452255
4.549995	1.402244
4.557138	1.505132
4.564281	1.565654
4.571424	1.400015
4.578567	1.459900
4.585710	1.293942
4.592853	1.576166
4.599995	1.484746
4.607138	1.551320
4.614281	1.464996
4.621424	1.607383
4.628567	1.448751
4.635710	1.535393
4.642853	1.525519
4.649995	1.457989
4.657138	1.572344
4.664281	1.284704
4.671424	1.506088
4.678567	1.429320
4.685710	1.375169
4.692852	1.436965
4.699995	1.470412
4.707138	1.609931
4.714281	1.448114
4.721424	1.471686
4.728567	1.350960
4.735710	1.404793
4.742852	1.461174
4.749995	1.324840
4.757138	1.499080
4.764281	1.314647
4.771424	1.543994
4.778567	1.463404
4.785710	1.259221
4.792852	1.522333
4.799995	1.396511
4.807138	1.391733
4.814281	1.457352
4.821424	1.541446
4.828567	1.509910
4.835709	1.447795
4.842852	1.438558
4.849995	1.485064
4.857138	1.325477
4.864281	1.271962
4.871424	1.403837
4.878567	1.427728
4.885709	1.335989
4.892852	1.370072
4.899995	1.342678
4.907138	1.409252
4.914281	1.522970
4.921424	1.444291
4.928566	1.487294
4.935709	1.385043
4.942852	1.567247
4.949995	1.422312
4.957138	1.266866
4.964281	1.412438
4.971424	1.487613
4.978566	1.430276
4.985709	1.563106
4.992852	1.275148

