LabVIEW Measurement	
Writer_Version	2
Reader_Version	2
Separator	Tab
Decimal_Separator	.
Multi_Headings	Yes
X_Columns	One
Time_Pref	Absolute
Operator	labuser
Date	2023/05/22
Time	15:55:44.9545176499995094105
***End_of_Header***	
	
Channels	1	
Samples	700	
Date	2023/05/22	
Time	15:55:44.9545176499995094105	
Y_Unit_Label	Volts	
X_Dimension	Time	
X0	0.0000000000000000E+0	
Delta_X	0.007143	
***End_of_Header***		
X_Value	Voltage	Comment
0.000000	1.480923
0.007143	1.644015
0.014286	1.588271
0.021429	1.696574
0.028571	1.687017
0.035714	1.665675
0.042857	1.707085
0.050000	1.700715
0.057143	1.564380
0.064286	1.651341
0.071429	1.691796
0.078571	1.681602
0.085714	1.678417
0.092857	1.622991
0.100000	1.716641
0.107143	1.653252
0.114286	1.653571
0.121428	1.668224
0.128571	1.684151
0.135714	1.680328
0.142857	1.694025
0.150000	1.698485
0.157143	1.682558
0.164286	1.677461
0.171428	1.678417
0.178571	1.630636
0.185714	1.649111
0.192857	1.676824
0.200000	1.672365
0.207143	1.645289
0.214285	1.692114
0.221428	1.653571
0.228571	1.658986
0.235714	1.658030
0.242857	1.678417
0.250000	1.681284
0.257143	1.679054
0.264285	1.700078
0.271428	1.674594
0.278571	1.655164
0.285714	1.680010
0.292857	1.702626
0.300000	1.653252
0.307143	1.684469
0.314285	1.699759
0.321428	1.673639
0.328571	1.692433
0.335714	1.701033
0.342857	1.702307
0.350000	1.672046
0.357143	1.708359
0.364285	1.683832
0.371428	1.644652
0.378571	1.655164
0.385714	1.693070
0.392857	1.660260
0.400000	1.716323
0.407142	1.680010
0.414285	1.636051
0.421428	1.660897
0.428571	1.693070
0.435714	1.692433
0.442857	1.611524
0.450000	1.651660
0.457142	1.679691
0.464285	1.679054
0.471428	1.650386
0.478571	1.651341
0.485714	1.686062
0.492857	1.680010
0.499999	1.680010
0.507142	1.655164
0.514285	1.656438
0.521428	1.683832
0.528571	1.686380
0.535714	1.675869
0.542857	1.685106
0.549999	1.628725
0.557142	1.680010
0.564285	1.709952
0.571428	1.655482
0.578571	1.592093
0.585714	1.699122
0.592857	1.687017
0.599999	1.687973
0.607142	1.668861
0.614285	1.695618
0.621428	1.685106
0.628571	1.694344
0.635714	1.675869
0.642857	1.649430
0.649999	1.677461
0.657142	1.680965
0.664285	1.672365
0.671428	1.704537
0.678571	1.683195
0.685714	1.680328
0.692856	1.662171
0.699999	1.682876
0.707142	1.702626
0.714285	1.668224
0.721428	1.687336
0.728571	1.715686
0.735714	1.677461
0.742856	1.682239
0.749999	1.717597
0.757142	1.699759
0.764285	1.667905
0.771428	1.691158
0.778571	1.651660
0.785713	1.704537
0.792856	1.637644
0.799999	1.673957
0.807142	1.692433
0.814285	1.640192
0.821428	1.657075
0.828571	1.683832
0.835713	1.689884
0.842856	1.642741
0.849999	1.668542
0.857142	1.652934
0.864285	1.707722
0.871428	1.660897
0.878571	1.680010
0.885713	1.670135
0.892856	1.668224
0.899999	1.669816
0.907142	1.600057
0.914285	1.702944
0.921428	1.676824
0.928570	1.697211
0.935713	1.684469
0.942856	1.688292
0.949999	1.716641
0.957142	1.694662
0.964285	1.685106
0.971428	1.687336
0.978570	1.661216
0.985713	1.709952
0.992856	1.682558
0.999999	1.696892
1.007142	1.629999
1.014285	1.667268
1.021428	1.665994
1.028570	1.716641
1.035713	1.643059
1.042856	1.685106
1.049999	1.669816
1.057142	1.695299
1.064285	1.667268
1.071427	1.688929
1.078570	1.685106
1.085713	1.671728
1.092856	1.673957
1.099999	1.667587
1.107142	1.664720
1.114285	1.572025
1.121427	1.674913
1.128570	1.704218
1.135713	1.685743
1.142856	1.693707
1.149999	1.656756
1.157142	1.686380
1.164285	1.665357
1.171427	1.685425
1.178570	1.702944
1.185713	1.634140
1.192856	1.505132
1.199999	1.668224
1.207142	1.717279
1.214284	1.702944
1.221427	1.643696
1.228570	1.633185
1.235713	1.681921
1.242856	1.689884
1.249999	1.685106
1.257142	1.678098
1.264284	1.663127
1.271427	1.673957
1.278570	1.683514
1.285713	1.672683
1.292856	1.665038
1.299999	1.694025
1.307142	1.671728
1.314284	1.695618
1.321427	1.686380
1.328570	1.667905
1.335713	1.659623
1.342856	1.687655
1.349999	1.622354
1.357141	1.699759
1.364284	1.576485
1.371427	1.672683
1.378570	1.689247
1.385713	1.672683
1.392856	1.677780
1.399999	1.640511
1.407141	1.684151
1.414284	1.684469
1.421427	1.639874
1.428570	1.673957
1.435713	1.638918
1.442856	1.593049
1.449999	1.660260
1.457141	1.686380
1.464284	1.687017
1.471427	1.703900
1.478570	1.674276
1.485713	1.679691
1.492856	1.669816
1.499999	1.674913
1.507141	1.661216
1.514284	1.677780
1.521427	1.683195
1.528570	1.663446
1.535713	1.701033
1.542856	1.680328
1.549998	1.680010
1.557141	1.684469
1.564284	1.675550
1.571427	1.665994
1.578570	1.701033
1.585713	1.611205
1.592856	1.688610
1.599998	1.679054
1.607141	1.622673
1.614284	1.662490
1.621427	1.680010
1.628570	1.691158
1.635713	1.658668
1.642856	1.682239
1.649998	1.625858
1.657141	1.668224
1.664284	1.705811
1.671427	1.658030
1.678570	1.692433
1.685713	1.677780
1.692855	1.663764
1.699998	1.703581
1.707141	1.682239
1.714284	1.629362
1.721427	1.701989
1.728570	1.663127
1.735713	1.687336
1.742855	1.686699
1.749998	1.694662
1.757141	1.710271
1.764284	1.680647
1.771427	1.708678
1.778570	1.683832
1.785713	1.666950
1.792855	1.698803
1.799998	1.513414
1.807141	1.661534
1.814284	1.671728
1.821427	1.683832
1.828570	1.694981
1.835712	1.649111
1.842855	1.667268
1.849998	1.681921
1.857141	1.674276
1.864284	1.670453
1.871427	1.670772
1.878570	1.686062
1.885712	1.659305
1.892855	1.700396
1.899998	1.643378
1.907141	1.674276
1.914284	1.664083
1.921427	1.609613
1.928570	1.693388
1.935712	1.692114
1.942855	1.675550
1.949998	1.682239
1.957141	1.690521
1.964284	1.681284
1.971427	1.672046
1.978569	1.690521
1.985712	1.701352
1.992855	1.595916
1.999998	1.694662
2.007141	1.683832
2.014284	1.685743
2.021427	1.687655
2.028569	1.666312
2.035712	1.687655
2.042855	1.684151
2.049998	1.694662
2.057141	1.686699
2.064284	1.670772
2.071426	1.689566
2.078569	1.663764
2.085712	1.672046
2.092855	1.667587
2.099998	1.593686
2.107141	1.672365
2.114284	1.694344
2.121426	1.694662
2.128569	1.620124
2.135712	1.674276
2.142855	1.564380
2.149998	1.685743
2.157141	1.690203
2.164284	1.698803
2.171426	1.661853
2.178569	1.674594
2.185712	1.693070
2.192855	1.661534
2.199998	1.698485
2.207141	1.680010
2.214284	1.666631
2.221426	1.694981
2.228569	1.659623
2.235712	1.662171
2.242855	1.672046
2.249998	1.667905
2.257141	1.684469
2.264283	1.686699
2.271426	1.690521
2.278569	1.684788
2.285712	1.674276
2.292855	1.694025
2.299998	1.688292
2.307141	1.708359
2.314283	1.662809
2.321426	1.590500
2.328569	1.698485
2.335712	1.666312
2.342855	1.686062
2.349998	1.677461
2.357140	1.644652
2.364283	1.719827
2.371426	1.629999
2.378569	1.700078
2.385712	1.661853
2.392855	1.682558
2.399998	1.670772
2.407140	1.711545
2.414283	1.654845
2.421426	1.623310
2.428569	1.687655
2.435712	1.687655
2.442855	1.678735
2.449998	1.667905
2.457140	1.683514
2.464283	1.667587
2.471426	1.695937
2.478569	1.594641
2.485712	1.668861
2.492855	1.637326
2.499998	1.684151
2.507140	1.678735
2.514283	1.706448
2.521426	1.673320
2.528569	1.696892
2.535712	1.679054
2.542855	1.687655
2.549997	1.684788
2.557140	1.689247
2.564283	1.646882
2.571426	1.696255
2.578569	1.665357
2.585712	1.672365
2.592855	1.673639
2.599997	1.687017
2.607140	1.676187
2.614283	1.720145
2.621426	1.673320
2.628569	1.672046
2.635712	1.567566
2.642854	1.690521
2.649997	1.615346
2.657140	1.682558
2.664283	1.607701
2.671426	1.680010
2.678569	1.684151
2.685712	1.661534
2.692854	1.690203
2.699997	1.679691
2.707140	1.679054
2.714283	1.674594
2.721426	1.673320
2.728569	1.667905
2.735712	1.685743
2.742854	1.671728
2.749997	1.626177
2.757140	1.684788
2.764283	1.661534
2.771426	1.683514
2.778569	1.622354
2.785712	1.685743
2.792854	1.663127
2.799997	1.692433
2.807140	1.621399
2.814283	1.634140
2.821426	1.567566
2.828569	1.649111
2.835711	1.683832
2.842854	1.708359
2.849997	1.694344
2.857140	1.677143
2.864283	1.682239
2.871426	1.563743
2.878569	1.689566
2.885711	1.660897
2.892854	1.692114
2.899997	1.694344
2.907140	1.625221
2.914283	1.652297
2.921426	1.652615
2.928568	1.675869
2.935711	1.684788
2.942854	1.676824
2.949997	1.657075
2.957140	1.705174
2.964283	1.697848
2.971426	1.679373
2.978568	1.682876
2.985711	1.694981
2.992854	1.613117
2.999997	1.679054
3.007140	1.682239
3.014283	1.606746
3.021426	1.678417
3.028568	1.688292
3.035711	1.640511
3.042854	1.698803
3.049997	1.678417
3.057140	1.668224
3.064283	1.667905
3.071426	1.687336
3.078568	1.696892
3.085711	1.583493
3.092854	1.683195
3.099997	1.630318
3.107140	1.680328
3.114283	1.593367
3.121425	1.687973
3.128568	1.555143
3.135711	1.696255
3.142854	1.675869
3.149997	1.686062
3.157140	1.656756
3.164283	1.682558
3.171425	1.680010
3.178568	1.630318
3.185711	1.671409
3.192854	1.657712
3.199997	1.716004
3.207140	1.717916
3.214282	1.665038
3.221425	1.691796
3.228568	1.642422
3.235711	1.666631
3.242854	1.655801
3.249997	1.657393
3.257140	1.678098
3.264282	1.672683
3.271425	1.664720
3.278568	1.693707
3.285711	1.695618
3.292854	1.665994
3.299997	1.670135
3.307140	1.699759
3.314282	1.680965
3.321425	1.688929
3.328568	1.689247
3.335711	1.651023
3.342854	1.703263
3.349997	1.678417
3.357140	1.689566
3.364282	1.688610
3.371425	1.683195
3.378568	1.701989
3.385711	1.708041
3.392854	1.629999
3.399997	1.700396
3.407139	1.688292
3.414282	1.656119
3.421425	1.669179
3.428568	1.680010
3.435711	1.698166
3.442854	1.670135
3.449997	1.564380
3.457139	1.675869
3.464282	1.678735
3.471425	1.680328
3.478568	1.674594
3.485711	1.696574
3.492854	1.640511
3.499996	1.681921
3.507139	1.656438
3.514282	1.685425
3.521425	1.687655
3.528568	1.680010
3.535711	1.659942
3.542854	1.671728
3.549996	1.691796
3.557139	1.671728
3.564282	1.689247
3.571425	1.679373
3.578568	1.694344
3.585711	1.678098
3.592854	1.686380
3.599996	1.650704
3.607139	1.664083
3.614282	1.707085
3.621425	1.689884
3.628568	1.680647
3.635711	1.692751
3.642854	1.668861
3.649996	1.700715
3.657139	1.662490
3.664282	1.666631
3.671425	1.670772
3.678568	1.663127
3.685711	1.685743
3.692853	1.680647
3.699996	1.687655
3.707139	1.662171
3.714282	1.689247
3.721425	1.673002
3.728568	1.676187
3.735711	1.697848
3.742853	1.658349
3.749996	1.710908
3.757139	1.640192
3.764282	1.691477
3.771425	1.635414
3.778568	1.666631
3.785710	1.682558
3.792853	1.669816
3.799996	1.697529
3.807139	1.694344
3.814282	1.685425
3.821425	1.688929
3.828568	1.692751
3.835710	1.689884
3.842853	1.641785
3.849996	1.714412
3.857139	1.685106
3.864282	1.712182
3.871425	1.635414
3.878568	1.714093
3.885710	1.663127
3.892853	1.693707
3.899996	1.679054
3.907139	1.687336
3.914282	1.579989
3.921425	1.677461
3.928568	1.628406
3.935710	1.691158
3.942853	1.524882
3.949996	1.711863
3.957139	1.696574
3.964282	1.645289
3.971425	1.669498
3.978567	1.668224
3.985710	1.648793
3.992853	1.707722
3.999996	1.705493
4.007139	1.696255
4.014282	1.687973
4.021425	1.686380
4.028567	1.675232
4.035710	1.685743
4.042853	1.660260
4.049996	1.656756
4.057139	1.686380
4.064282	1.687973
4.071424	1.681602
4.078567	1.666631
4.085710	1.683195
4.092853	1.703263
4.099996	1.591775
4.107139	1.671728
4.114282	1.707404
4.121424	1.604516
4.128567	1.691158
4.135710	1.679054
4.142853	1.693707
4.149996	1.669179
4.157139	1.686062
4.164282	1.628088
4.171424	1.675869
4.178567	1.690521
4.185710	1.691158
4.192853	1.677461
4.199996	1.633185
4.207139	1.691796
4.214282	1.662171
4.221424	1.537942
4.228567	1.684151
4.235710	1.690840
4.242853	1.679054
4.249996	1.694662
4.257139	1.680010
4.264281	1.670772
4.271424	1.694344
4.278567	1.693388
4.285710	1.681284
4.292853	1.714412
4.299996	1.651660
4.307139	1.684151
4.314281	1.694662
4.321424	1.687655
4.328567	1.614391
4.335710	1.667587
4.342853	1.681284
4.349996	1.694344
4.357139	1.699440
4.364281	1.673639
4.371424	1.672683
4.378567	1.669816
4.385710	1.679373
4.392853	1.694662
4.399996	1.676824
4.407138	1.689566
4.414281	1.693070
4.421424	1.686699
4.428567	1.679054
4.435710	1.678098
4.442853	1.685106
4.449996	1.699440
4.457138	1.704537
4.464281	1.659305
4.471424	1.617895
4.478567	1.677461
4.485710	1.624265
4.492853	1.683514
4.499995	1.666312
4.507138	1.697848
4.514281	1.591456
4.521424	1.693707
4.528567	1.646563
4.535710	1.708997
4.542853	1.637326
4.549995	1.691477
4.557138	1.657393
4.564281	1.697848
4.571424	1.689247
4.578567	1.699122
4.585710	1.680328
4.592853	1.680647
4.599995	1.686380
4.607138	1.527430
4.614281	1.692751
4.621424	1.687973
4.628567	1.660897
4.635710	1.674276
4.642853	1.682239
4.649995	1.588271
4.657138	1.702626
4.664281	1.654208
4.671424	1.674276
4.678567	1.680647
4.685710	1.665994
4.692852	1.693388
4.699995	1.662171
4.707138	1.675550
4.714281	1.687655
4.721424	1.685743
4.728567	1.683514
4.735710	1.685425
4.742852	1.571388
4.749995	1.591775
4.757138	1.626814
4.764281	1.676824
4.771424	1.646563
4.778567	1.679054
4.785710	1.701670
4.792852	1.498761
4.799995	1.714412
4.807138	1.672365
4.814281	1.699122
4.821424	1.683195
4.828567	1.700715
4.835709	1.674594
4.842852	1.641467
4.849995	1.654527
4.857138	1.681602
4.864281	1.706130
4.871424	1.672683
4.878567	1.682239
4.885709	1.702626
4.892852	1.667905
4.899995	1.685106
4.907138	1.698803
4.914281	1.695299
4.921424	1.709634
4.928566	1.641148
4.935709	1.673957
4.942852	1.684788
4.949995	1.662490
4.957138	1.675869
4.964281	1.698485
4.971424	1.689566
4.978566	1.672365
4.985709	1.690840
4.992852	1.687973

