LabVIEW Measurement	
Writer_Version	2
Reader_Version	2
Separator	Tab
Decimal_Separator	.
Multi_Headings	Yes
X_Columns	One
Time_Pref	Absolute
Operator	labuser
Date	2023/05/22
Time	14:45:47.4232686999997809888
***End_of_Header***	
	
Channels	1	
Samples	700	
Date	2023/05/22	
Time	15:32:14.2800778499998591205	
Y_Unit_Label	Volts	
X_Dimension	Time	
X0	0.0000000000000000E+0	
Delta_X	0.007143	
***End_of_Header***		
X_Value	Voltage	Comment
0.000000	1.657075
0.007143	1.656438
0.014286	1.656438
0.021429	1.655801
0.028571	1.659305
0.035714	1.662809
0.042857	1.657393
0.050000	1.663764
0.057143	1.663446
0.064286	1.664720
0.071429	1.661853
0.078571	1.668542
0.085714	1.661216
0.092857	1.659623
0.100000	1.665038
0.107143	1.667587
0.114286	1.662171
0.121428	1.659305
0.128571	1.662809
0.135714	1.659623
0.142857	1.659942
0.150000	1.660579
0.157143	1.658349
0.164286	1.655482
0.171428	1.657393
0.178571	1.658668
0.185714	1.658030
0.192857	1.658668
0.200000	1.658668
0.207143	1.662171
0.214285	1.656119
0.221428	1.653252
0.228571	1.654845
0.235714	1.649749
0.242857	1.653571
0.250000	1.655482
0.257143	1.658349
0.264285	1.654208
0.271428	1.648474
0.278571	1.649430
0.285714	1.650067
0.292857	1.650067
0.300000	1.648474
0.307143	1.646245
0.314285	1.643378
0.321428	1.643059
0.328571	1.642741
0.335714	1.643378
0.342857	1.641467
0.350000	1.646882
0.357143	1.643378
0.364285	1.641785
0.371428	1.639237
0.378571	1.639874
0.385714	1.641148
0.392857	1.642104
0.400000	1.639237
0.407142	1.642422
0.414285	1.641785
0.421428	1.644333
0.428571	1.646245
0.435714	1.640511
0.442857	1.641785
0.450000	1.640511
0.457142	1.645289
0.464285	1.647200
0.471428	1.646245
0.478571	1.641467
0.485714	1.645289
0.492857	1.646245
0.499999	1.643696
0.507142	1.645926
0.514285	1.648793
0.521428	1.645289
0.528571	1.647519
0.535714	1.653252
0.542857	1.651660
0.549999	1.651978
0.557142	1.653889
0.564285	1.651341
0.571428	1.651341
0.578571	1.654527
0.585714	1.652297
0.592857	1.652615
0.599999	1.652615
0.607142	1.654208
0.614285	1.655801
0.621428	1.652934
0.628571	1.653571
0.635714	1.652615
0.642857	1.652615
0.649999	1.654208
0.657142	1.653571
0.664285	1.651978
0.671428	1.652615
0.678571	1.655164
0.685714	1.653889
0.692856	1.654208
0.699999	1.653889
0.707142	1.653889
0.714285	1.655482
0.721428	1.654845
0.728571	1.650386
0.735714	1.652934
0.742856	1.651341
0.749999	1.653252
0.757142	1.653889
0.764285	1.652297
0.771428	1.656438
0.778571	1.654845
0.785713	1.651978
0.792856	1.650704
0.799999	1.648474
0.807142	1.648793
0.814285	1.649111
0.821428	1.655482
0.828571	1.653889
0.835713	1.650704
0.842856	1.648474
0.849999	1.651660
0.857142	1.647519
0.864285	1.650704
0.871428	1.656119
0.878571	1.651341
0.885713	1.650704
0.892856	1.654208
0.899999	1.651660
0.907142	1.654208
0.914285	1.651341
0.921428	1.648474
0.928570	1.652615
0.935713	1.651660
0.942856	1.655164
0.949999	1.653252
0.957142	1.655482
0.964285	1.651023
0.971428	1.648793
0.978570	1.651341
0.985713	1.653252
0.992856	1.651023
0.999999	1.651660
1.007142	1.648793
1.014285	1.649430
1.021428	1.651660
1.028570	1.649430
1.035713	1.646563
1.042856	1.645289
1.049999	1.648793
1.057142	1.647519
1.064285	1.648474
1.071427	1.650386
1.078570	1.648156
1.085713	1.652297
1.092856	1.647200
1.099999	1.648474
1.107142	1.649430
1.114285	1.647837
1.121427	1.651341
1.128570	1.648474
1.135713	1.650704
1.142856	1.648474
1.149999	1.648474
1.157142	1.647200
1.164285	1.646882
1.171427	1.646882
1.178570	1.645926
1.185713	1.648474
1.192856	1.649430
1.199999	1.644652
1.207142	1.650386
1.214284	1.651978
1.221427	1.646563
1.228570	1.647837
1.235713	1.642422
1.242856	1.645608
1.249999	1.645608
1.257142	1.645608
1.264284	1.644333
1.271427	1.651023
1.278570	1.646882
1.285713	1.645608
1.292856	1.644333
1.299999	1.644015
1.307142	1.641785
1.314284	1.643059
1.321427	1.641785
1.328570	1.642422
1.335713	1.642422
1.342856	1.647519
1.349999	1.645289
1.357141	1.644015
1.364284	1.643378
1.371427	1.648793
1.378570	1.647200
1.385713	1.649749
1.392856	1.643696
1.399999	1.645289
1.407141	1.643059
1.414284	1.647200
1.421427	1.648156
1.428570	1.649430
1.435713	1.647519
1.442856	1.651660
1.449999	1.650067
1.457141	1.654208
1.464284	1.653571
1.471427	1.654208
1.478570	1.655801
1.485713	1.655482
1.492856	1.653571
1.499999	1.654208
1.507141	1.651978
1.514284	1.655164
1.521427	1.653252
1.528570	1.651660
1.535713	1.649111
1.542856	1.647837
1.549998	1.649749
1.557141	1.649749
1.564284	1.650704
1.571427	1.647837
1.578570	1.644970
1.585713	1.646245
1.592856	1.648793
1.599998	1.644970
1.607141	1.647837
1.614284	1.650067
1.621427	1.650386
1.628570	1.651660
1.635713	1.650704
1.642856	1.651660
1.649998	1.651978
1.657141	1.653889
1.664284	1.653571
1.671427	1.648474
1.678570	1.650386
1.685713	1.649749
1.692855	1.649430
1.699998	1.643378
1.707141	1.645289
1.714284	1.646245
1.721427	1.645289
1.728570	1.644652
1.735713	1.640829
1.742855	1.640829
1.749998	1.642422
1.757141	1.639237
1.764284	1.634459
1.771427	1.634777
1.778570	1.636688
1.785713	1.635414
1.792855	1.633822
1.799998	1.630955
1.807141	1.631273
1.814284	1.631910
1.821427	1.628088
1.828570	1.630318
1.835712	1.632229
1.842855	1.630955
1.849998	1.631592
1.857141	1.628725
1.864284	1.627451
1.871427	1.622673
1.878570	1.627769
1.885712	1.627769
1.892855	1.625858
1.899998	1.626177
1.907141	1.628725
1.914284	1.626814
1.921427	1.628725
1.928570	1.629999
1.935712	1.625858
1.942855	1.627769
1.949998	1.626177
1.957141	1.628406
1.964284	1.623947
1.971427	1.629044
1.978569	1.628088
1.985712	1.628725
1.992855	1.623310
1.999998	1.627132
2.007141	1.630318
2.014284	1.630636
2.021427	1.623628
2.028569	1.629362
2.035712	1.626814
2.042855	1.631910
2.049998	1.630318
2.057141	1.627451
2.064284	1.627769
2.071426	1.622991
2.078569	1.629999
2.085712	1.626814
2.092855	1.626495
2.099998	1.626814
2.107141	1.633822
2.114284	1.627769
2.121426	1.628406
2.128569	1.624903
2.135712	1.624903
2.142855	1.629044
2.149998	1.631592
2.157141	1.628725
2.164284	1.629999
2.171426	1.628406
2.178569	1.626814
2.185712	1.629681
2.192855	1.629681
2.199998	1.628088
2.207141	1.632547
2.214284	1.629044
2.221426	1.630636
2.228569	1.632547
2.235712	1.625858
2.242855	1.629681
2.249998	1.629044
2.257141	1.632229
2.264283	1.630636
2.271426	1.630955
2.278569	1.632866
2.285712	1.633822
2.292855	1.631273
2.299998	1.632866
2.307141	1.626177
2.314283	1.632229
2.321426	1.634140
2.328569	1.632866
2.335712	1.631910
2.342855	1.633822
2.349998	1.635096
2.357140	1.640192
2.364283	1.633503
2.371426	1.633185
2.378569	1.637644
2.385712	1.634459
2.392855	1.639237
2.399998	1.632547
2.407140	1.634140
2.414283	1.632229
2.421426	1.633185
2.428569	1.633822
2.435712	1.633822
2.442855	1.627132
2.449998	1.629362
2.457140	1.633822
2.464283	1.635414
2.471426	1.633185
2.478569	1.636370
2.485712	1.634459
2.492855	1.630955
2.499998	1.633503
2.507140	1.633822
2.514283	1.641785
2.521426	1.633185
2.528569	1.642741
2.535712	1.637326
2.542855	1.638281
2.549997	1.644015
2.557140	1.645926
2.564283	1.643696
2.571426	1.646245
2.578569	1.642104
2.585712	1.641467
2.592855	1.643696
2.599997	1.645926
2.607140	1.647837
2.614283	1.646245
2.621426	1.640192
2.628569	1.640192
2.635712	1.640511
2.642854	1.653889
2.649997	1.647837
2.657140	1.651023
2.664283	1.646563
2.671426	1.651660
2.678569	1.644970
2.685712	1.644652
2.692854	1.646563
2.699997	1.639237
2.707140	1.649749
2.714283	1.651978
2.721426	1.656119
2.728569	1.645926
2.735712	1.651978
2.742854	1.653571
2.749997	1.651023
2.757140	1.653571
2.764283	1.660260
2.771426	1.655801
2.778569	1.658349
2.785712	1.655801
2.792854	1.654845
2.799997	1.656438
2.807140	1.653889
2.814283	1.656119
2.821426	1.658349
2.828569	1.658986
2.835711	1.659305
2.842854	1.657075
2.849997	1.657712
2.857140	1.658668
2.864283	1.654845
2.871426	1.667587
2.878569	1.657712
2.885711	1.656756
2.892854	1.654208
2.899997	1.648793
2.907140	1.653889
2.914283	1.647837
2.921426	1.644970
2.928568	1.649430
2.935711	1.643378
2.942854	1.646245
2.949997	1.644333
2.957140	1.652297
2.964283	1.649749
2.971426	1.647519
2.978568	1.642741
2.985711	1.643696
2.992854	1.640829
2.999997	1.638281
3.007140	1.639874
3.014283	1.634140
3.021426	1.633822
3.028568	1.630318
3.035711	1.626814
3.042854	1.629044
3.049997	1.628725
3.057140	1.631910
3.064283	1.625221
3.071426	1.624903
3.078568	1.619806
3.085711	1.627769
3.092854	1.628088
3.099997	1.628406
3.107140	1.629999
3.114283	1.629362
3.121425	1.629044
3.128568	1.626495
3.135711	1.626814
3.142854	1.627451
3.149997	1.628088
3.157140	1.633503
3.164283	1.632866
3.171425	1.624584
3.178568	1.630636
3.185711	1.633822
3.192854	1.634140
3.199997	1.630636
3.207140	1.639874
3.214282	1.633822
3.221425	1.640192
3.228568	1.642422
3.235711	1.642741
3.242854	1.642104
3.249997	1.647837
3.257140	1.644970
3.264282	1.635414
3.271425	1.652615
3.278568	1.648793
3.285711	1.650067
3.292854	1.654845
3.299997	1.655801
3.307140	1.644970
3.314282	1.652297
3.321425	1.653571
3.328568	1.657712
3.335711	1.655482
3.342854	1.653889
3.349997	1.657075
3.357140	1.655482
3.364282	1.656756
3.371425	1.670135
3.378568	1.657393
3.385711	1.651660
3.392854	1.659305
3.399997	1.660897
3.407139	1.657712
3.414282	1.658668
3.421425	1.655801
3.428568	1.656119
3.435711	1.653252
3.442854	1.654208
3.449997	1.651341
3.457139	1.650386
3.464282	1.648474
3.471425	1.650067
3.478568	1.648793
3.485711	1.647519
3.492854	1.641148
3.499996	1.638918
3.507139	1.640192
3.514282	1.638600
3.521425	1.636370
3.528568	1.639874
3.535711	1.635414
3.542854	1.636688
3.549996	1.634777
3.557139	1.629044
3.564282	1.630318
3.571425	1.629044
3.578568	1.628088
3.585711	1.630636
3.592854	1.631273
3.599996	1.627451
3.607139	1.626177
3.614282	1.622036
3.621425	1.624265
3.628568	1.627132
3.635711	1.626495
3.642854	1.626495
3.649996	1.627451
3.657139	1.625540
3.664282	1.629044
3.671425	1.631910
3.678568	1.625540
3.685711	1.629681
3.692853	1.631273
3.699996	1.631273
3.707139	1.628406
3.714282	1.635733
3.721425	1.631592
3.728568	1.633822
3.735711	1.631910
3.742853	1.633822
3.749996	1.637963
3.757139	1.636688
3.764282	1.636688
3.771425	1.632866
3.778568	1.638281
3.785710	1.646563
3.792853	1.642741
3.799996	1.641467
3.807139	1.637963
3.814282	1.645608
3.821425	1.635096
3.828568	1.649749
3.835710	1.649430
3.842853	1.653889
3.849996	1.654527
3.857139	1.651023
3.864282	1.650067
3.871425	1.651341
3.878568	1.651023
3.885710	1.652297
3.892853	1.657075
3.899996	1.656438
3.907139	1.656119
3.914282	1.657712
3.921425	1.666950
3.928568	1.654527
3.935710	1.657393
3.942853	1.660897
3.949996	1.658030
3.957139	1.659305
3.964282	1.656438
3.971425	1.657393
3.978567	1.657712
3.985710	1.658349
3.992853	1.665994
3.999996	1.661534
4.007139	1.657393
4.014282	1.658986
4.021425	1.658349
4.028567	1.658349
4.035710	1.656756
4.042853	1.660260
4.049996	1.661853
4.057139	1.658986
4.064282	1.658668
4.071424	1.660579
4.078567	1.655482
4.085710	1.658030
4.092853	1.657075
4.099996	1.656756
4.107139	1.653889
4.114282	1.654527
4.121424	1.650386
4.128567	1.649111
4.135710	1.645289
4.142853	1.645926
4.149996	1.641785
4.157139	1.643696
4.164282	1.645289
4.171424	1.643696
4.178567	1.642422
4.185710	1.641467
4.192853	1.641148
4.199996	1.639555
4.207139	1.638281
4.214282	1.639874
4.221424	1.644333
4.228567	1.641148
4.235710	1.639555
4.242853	1.639874
4.249996	1.633822
4.257139	1.634777
4.264281	1.632547
4.271424	1.633185
4.278567	1.627769
4.285710	1.631273
4.292853	1.629999
4.299996	1.629044
4.307139	1.628088
4.314281	1.625858
4.321424	1.630955
4.328567	1.629681
4.335710	1.627769
4.342853	1.628406
4.349996	1.623628
4.357139	1.627769
4.364281	1.623947
4.371424	1.628406
4.378567	1.627132
4.385710	1.628725
4.392853	1.622036
4.399996	1.625221
4.407138	1.630318
4.414281	1.629044
4.421424	1.626814
4.428567	1.627451
4.435710	1.625540
4.442853	1.628406
4.449996	1.630636
4.457138	1.629362
4.464281	1.629362
4.471424	1.627132
4.478567	1.628088
4.485710	1.629681
4.492853	1.627132
4.499995	1.633503
4.507138	1.627132
4.514281	1.632547
4.521424	1.633822
4.528567	1.630955
4.535710	1.633185
4.542853	1.635733
4.549995	1.635733
4.557138	1.634140
4.564281	1.633185
4.571424	1.631910
4.578567	1.636370
4.585710	1.637007
4.592853	1.635414
4.599995	1.642422
4.607138	1.641785
4.614281	1.633503
4.621424	1.644333
4.628567	1.638600
4.635710	1.646245
4.642853	1.648156
4.649995	1.644652
4.657138	1.648474
4.664281	1.650704
4.671424	1.646563
4.678567	1.645289
4.685710	1.653889
4.692852	1.648156
4.699995	1.649430
4.707138	1.646245
4.714281	1.645289
4.721424	1.647200
4.728567	1.648156
4.735710	1.654845
4.742852	1.644333
4.749995	1.650704
4.757138	1.647519
4.764281	1.651660
4.771424	1.647837
4.778567	1.644652
4.785710	1.654208
4.792852	1.654208
4.799995	1.644015
4.807138	1.656119
4.814281	1.645289
4.821424	1.651341
4.828567	1.650067
4.835709	1.652297
4.842852	1.655801
4.849995	1.645608
4.857138	1.646563
4.864281	1.653571
4.871424	1.650386
4.878567	1.648793
4.885709	1.645926
4.892852	1.647200
4.899995	1.647200
4.907138	1.650386
4.914281	1.651023
4.921424	1.645289
4.928566	1.648156
4.935709	1.644333
4.942852	1.648793
4.949995	1.646882
4.957138	1.646245
4.964281	1.652615
4.971424	1.649111
4.978566	1.651978
4.985709	1.652615
4.992852	1.648793

