LabVIEW Measurement	
Writer_Version	2
Reader_Version	2
Separator	Tab
Decimal_Separator	.
Multi_Headings	Yes
X_Columns	One
Time_Pref	Absolute
Operator	labuser
Date	2023/05/22
Time	15:57:36.8226966499995776666
***End_of_Header***	
	
Channels	1	
Samples	700	
Date	2023/05/22	
Time	15:57:36.8226966499995776666	
Y_Unit_Label	Volts	
X_Dimension	Time	
X0	0.0000000000000000E+0	
Delta_X	0.007143	
***End_of_Header***		
X_Value	Voltage	Comment
0.000000	1.679691
0.007143	1.523926
0.014286	1.553869
0.021429	1.461811
0.028571	1.411801
0.035714	1.480923
0.042857	1.645608
0.050000	1.665038
0.057143	1.648793
0.064286	1.492709
0.071429	1.414030
0.078571	1.376443
0.085714	1.647837
0.092857	1.472323
0.100000	1.377080
0.107143	1.479012
0.114286	1.580307
0.121428	1.499080
0.128571	1.525837
0.135714	1.434417
0.142857	1.440788
0.150000	1.515007
0.157143	1.526474
0.164286	1.501628
0.171428	1.630636
0.178571	1.300312
0.185714	1.687017
0.192857	1.676506
0.200000	1.700715
0.207143	1.519785
0.214285	1.667587
0.221428	1.623628
0.228571	1.563425
0.235714	1.631910
0.242857	1.597190
0.250000	1.565017
0.257143	1.671728
0.264285	1.651660
0.271428	1.457670
0.278571	1.610568
0.285714	1.538260
0.292857	1.571070
0.300000	1.606746
0.307143	1.630955
0.314285	1.389184
0.321428	1.560876
0.328571	1.513096
0.335714	1.390459
0.342857	1.636370
0.350000	1.583493
0.357143	1.618850
0.364285	1.519148
0.371428	1.392051
0.378571	1.640511
0.385714	1.608976
0.392857	1.649111
0.400000	1.497169
0.407142	1.627132
0.414285	1.592412
0.421428	1.425498
0.428571	1.465315
0.435714	1.547816
0.442857	1.515644
0.450000	1.467863
0.457142	1.554824
0.464285	1.338218
0.471428	1.665994
0.478571	1.639237
0.485714	1.646563
0.492857	1.285660
0.499999	1.489205
0.507142	1.535075
0.514285	1.681602
0.521428	1.615983
0.528571	1.585404
0.535714	1.335670
0.542857	1.244568
0.549999	1.376124
0.557142	1.653252
0.564285	1.604516
0.571428	1.671728
0.578571	1.627769
0.585714	1.536668
0.592857	1.517555
0.599999	1.492709
0.607142	1.456714
0.614285	1.411801
0.621428	1.452573
0.628571	1.572981
0.635714	1.670453
0.642857	1.633185
0.649999	1.504814
0.657142	1.374213
0.664285	1.538897
0.671428	1.600057
0.678571	1.639555
0.685714	1.328025
0.692856	1.429639
0.699999	1.623947
0.707142	1.517555
0.714285	1.475827
0.721428	1.472641
0.728571	1.538579
0.735714	1.554824
0.742856	1.557054
0.749999	1.395237
0.757142	1.649749
0.764285	1.459581
0.771428	1.614391
0.778571	1.529341
0.785713	1.628088
0.792856	1.503540
0.799999	1.587952
0.807142	1.536986
0.814285	1.575529
0.821428	1.487294
0.828571	1.673639
0.835713	1.610887
0.842856	1.617895
0.849999	1.428683
0.857142	1.637007
0.864285	1.587952
0.871428	1.618213
0.878571	1.561832
0.885713	1.594004
0.892856	1.669498
0.899999	1.592093
0.907142	1.552594
0.914285	1.628088
0.921428	1.565017
0.928570	1.507681
0.935713	1.508955
0.942856	1.591775
0.949999	1.541446
0.957142	1.626177
0.964285	1.590182
0.971428	1.544312
0.978570	1.510229
0.985713	1.529660
0.992856	1.534756
0.999999	1.615346
1.007142	1.388229
1.014285	1.565017
1.021428	1.605790
1.028570	1.319425
1.035713	1.543357
1.042856	1.457670
1.049999	1.454803
1.057142	1.580944
1.064285	1.637007
1.071427	1.567884
1.078570	1.566292
1.085713	1.637644
1.092856	1.537942
1.099999	1.616939
1.107142	1.589545
1.114285	1.528067
1.121427	1.512140
1.128570	1.654527
1.135713	1.503221
1.142856	1.323566
1.149999	1.506406
1.157142	1.502265
1.164285	1.544312
1.171427	1.362746
1.178570	1.626495
1.185713	1.662809
1.192856	1.601012
1.199999	1.251576
1.207142	1.531889
1.214284	1.640829
1.221427	1.411482
1.228570	1.544631
1.235713	1.502902
1.242856	1.548772
1.249999	1.422312
1.257142	1.393962
1.264284	1.630955
1.271427	1.557372
1.278570	1.375487
1.285713	1.461811
1.292856	1.644015
1.299999	1.612798
1.307142	1.554824
1.314284	1.490480
1.321427	1.345226
1.328570	1.596871
1.335713	1.612798
1.342856	1.575848
1.349999	1.535075
1.357141	1.603879
1.364284	1.505132
1.371427	1.529660
1.378570	1.520422
1.385713	1.543675
1.392856	1.413712
1.399999	1.546542
1.407141	1.516600
1.414284	1.660897
1.421427	1.308276
1.428570	1.557691
1.435713	1.612161
1.442856	1.610887
1.449999	1.436965
1.457141	1.512140
1.464284	1.581581
1.471427	1.485383
1.478570	1.613117
1.485713	1.631910
1.492856	1.476145
1.499999	1.436010
1.507141	1.567884
1.514284	1.648793
1.521427	1.405748
1.528570	1.489205
1.535713	1.508636
1.542856	1.386636
1.549998	1.557372
1.557141	1.528386
1.564284	1.396192
1.571427	1.529978
1.578570	1.612798
1.585713	1.594323
1.592856	1.579989
1.599998	1.624903
1.607141	1.577122
1.614284	1.603560
1.621427	1.628725
1.628570	1.420083
1.635713	1.677143
1.642856	1.487613
1.649998	1.615028
1.657141	1.523289
1.664284	1.507362
1.671427	1.616302
1.678570	1.392370
1.685713	1.601968
1.692855	1.464996
1.699998	1.439832
1.707141	1.575848
1.714284	1.466589
1.721427	1.529023
1.728570	1.445247
1.735713	1.587634
1.742855	1.424224
1.749998	1.385680
1.757141	1.665994
1.764284	1.601649
1.771427	1.576166
1.778570	1.632547
1.785713	1.564062
1.792855	1.574892
1.799998	1.426772
1.807141	1.632229
1.814284	1.486339
1.821427	1.586359
1.828570	1.611842
1.835712	1.679691
1.842855	1.352871
1.849998	1.585085
1.857141	1.604835
1.864284	1.357968
1.871427	1.595916
1.878570	1.681921
1.885712	1.515644
1.892855	1.402563
1.899998	1.593686
1.907141	1.512459
1.914284	1.533164
1.921427	1.390140
1.928570	1.465952
1.935712	1.544949
1.942855	1.586678
1.949998	1.493983
1.957141	1.470093
1.964284	1.436965
1.971427	1.389821
1.978569	1.499399
1.985712	1.552276
1.992855	1.473916
1.999998	1.659623
2.007141	1.502584
2.014284	1.437602
2.021427	1.483153
2.028569	1.493983
2.035712	1.532527
2.042855	1.649111
2.049998	1.656438
2.057141	1.356375
2.064284	1.570114
2.071426	1.513096
2.078569	1.596234
2.085712	1.451299
2.092855	1.577440
2.099998	1.571388
2.107141	1.590182
2.114284	1.449070
2.121426	1.581263
2.128569	1.606427
2.135712	1.522970
2.142855	1.540171
2.149998	1.587315
2.157141	1.641785
2.164284	1.521059
2.171426	1.443017
2.178569	1.417534
2.185712	1.570433
2.192855	1.435054
2.199998	1.494620
2.207141	1.646563
2.214284	1.428365
2.221426	1.438239
2.228569	1.660260
2.235712	1.402882
2.242855	1.491117
2.249998	1.557372
2.257141	1.565017
2.264283	1.351278
2.271426	1.634459
2.278569	1.491117
2.285712	1.386636
2.292855	1.440150
2.299998	1.551320
2.307141	1.435691
2.314283	1.634140
2.321426	1.400970
2.328569	1.468182
2.335712	1.450662
2.342855	1.453211
2.349998	1.634459
2.357140	1.665357
2.364283	1.370709
2.371426	1.547498
2.378569	1.574892
2.385712	1.514370
2.392855	1.589863
2.399998	1.639555
2.407140	1.552276
2.414283	1.604198
2.421426	1.613754
2.428569	1.529023
2.435712	1.514051
2.442855	1.601649
2.449998	1.546542
2.457140	1.489842
2.464283	1.614391
2.471426	1.436647
2.478569	1.636370
2.485712	1.627451
2.492855	1.686699
2.499998	1.511503
2.507140	1.548135
2.514283	1.645926
2.521426	1.495576
2.528569	1.604198
2.535712	1.481560
2.542855	1.540171
2.549997	1.493665
2.557140	1.625858
2.564283	1.538260
2.571426	1.373258
2.578569	1.598464
2.585712	1.648793
2.592855	1.597508
2.599997	1.590819
2.607140	1.444291
2.614283	1.539853
2.621426	1.482835
2.628569	1.401289
2.635712	1.450025
2.642854	1.400652
2.649997	1.518511
2.657140	1.614072
2.664283	1.479968
2.671426	1.465315
2.678569	1.468500
2.685712	1.585404
2.692854	1.520741
2.699997	1.469775
2.707140	1.499080
2.714283	1.329299
2.721426	1.648793
2.728569	1.364657
2.735712	1.655482
2.742854	1.575211
2.749997	1.500036
2.757140	1.529978
2.764283	1.628725
2.771426	1.598782
2.778569	1.377080
2.785712	1.591456
2.792854	1.524882
2.799997	1.675869
2.807140	1.522333
2.814283	1.301586
2.821426	1.594960
2.828569	1.572025
2.835711	1.545268
2.842854	1.645926
2.849997	1.558965
2.857140	1.660897
2.864283	1.635414
2.871426	1.516281
2.878569	1.617895
2.885711	1.468182
2.892854	1.549090
2.899997	1.557691
2.907140	1.563425
2.914283	1.388866
2.921426	1.562788
2.928568	1.542720
2.935711	1.457670
2.942854	1.593049
2.949997	1.509592
2.957140	1.234375
2.964283	1.520741
2.971426	1.494620
2.978568	1.577759
2.985711	1.322291
2.992854	1.650386
2.999997	1.268777
3.007140	1.453211
3.014283	1.609613
3.021426	1.409252
3.028568	1.647837
3.035711	1.505769
3.042854	1.585085
3.049997	1.413075
3.057140	1.596553
3.064283	1.403519
3.071426	1.525200
3.078568	1.440469
3.085711	1.526156
3.092854	1.424542
3.099997	1.507043
3.107140	1.640511
3.114283	1.554824
3.121425	1.511822
3.128568	1.444610
3.135711	1.548453
3.142854	1.479968
3.149997	1.472960
3.157140	1.456396
3.164283	1.629362
3.171425	1.628725
3.178568	1.519466
3.185711	1.551639
3.192854	1.523926
3.199997	1.581263
3.207140	1.601331
3.214282	1.281519
3.221425	1.623947
3.228568	1.440150
3.235711	1.573299
3.242854	1.509910
3.249997	1.308276
3.257140	1.560558
3.264282	1.599738
3.271425	1.370391
3.278568	1.644652
3.285711	1.491117
3.292854	1.533482
3.299997	1.607064
3.307140	1.522652
3.314282	1.606109
3.321425	1.427728
3.328568	1.619806
3.335711	1.543038
3.342854	1.578396
3.349997	1.313372
3.357140	1.506725
3.364282	1.585085
3.371425	1.516281
3.378568	1.545587
3.385711	1.633822
3.392854	1.510547
3.399997	1.509273
3.407139	1.585404
3.414282	1.322610
3.421425	1.615983
3.428568	1.502584
3.435711	1.651023
3.442854	1.400970
3.449997	1.590500
3.457139	1.399059
3.464282	1.646563
3.471425	1.666312
3.478568	1.529660
3.485711	1.454166
3.492854	1.449070
3.499996	1.541446
3.507139	1.585722
3.514282	1.517874
3.521425	1.392370
3.528568	1.653889
3.535711	1.538260
3.542854	1.663764
3.549996	1.688292
3.557139	1.538579
3.564282	1.579033
3.571425	1.621399
3.578568	1.614709
3.585711	1.651660
3.592854	1.463085
3.599996	1.603242
3.607139	1.536349
3.614282	1.589863
3.621425	1.345545
3.628568	1.613435
3.635711	1.501947
3.642854	1.654845
3.649996	1.598782
3.657139	1.532527
3.664282	1.582537
3.671425	1.393007
3.678568	1.534756
3.685711	1.526474
3.692853	1.336626
3.699996	1.460537
3.707139	1.612161
3.714282	1.598782
3.721425	1.576166
3.728568	1.651660
3.735711	1.552913
3.742853	1.582537
3.749996	1.637963
3.757139	1.652934
3.764282	1.676824
3.771425	1.557054
3.778568	1.339811
3.785710	1.389184
3.792853	1.520422
3.799996	1.492072
3.807139	1.537942
3.814282	1.543357
3.821425	1.469137
3.828568	1.530297
3.835710	1.513414
3.842853	1.588271
3.849996	1.589863
3.857139	1.435691
3.864282	1.470412
3.871425	1.608339
3.878568	1.689566
3.885710	1.429639
3.892853	1.502902
3.899996	1.337900
3.907139	1.653571
3.914282	1.628088
3.921425	1.637326
3.928568	1.479649
3.935710	1.575211
3.942853	1.633822
3.949996	1.369117
3.957139	1.380265
3.964282	1.543675
3.971425	1.504814
3.978567	1.517555
3.985710	1.614391
3.992853	1.403837
3.999996	1.581581
4.007139	1.624903
4.014282	1.668224
4.021425	1.476782
4.028567	1.551957
4.035710	1.377399
4.042853	1.516918
4.049996	1.559284
4.057139	1.543675
4.064282	1.472323
4.071424	1.630318
4.078567	1.507362
4.085710	1.617895
4.092853	1.712819
4.099996	1.395874
4.107139	1.625858
4.114282	1.620124
4.121424	1.455759
4.128567	1.521378
4.135710	1.617258
4.142853	1.644015
4.149996	1.584130
4.157139	1.630318
4.164282	1.491117
4.171424	1.557372
4.178567	1.416897
4.185710	1.651660
4.192853	1.622036
4.199996	1.641148
4.207139	1.563106
4.214282	1.595597
4.221424	1.538260
4.228567	1.511184
4.235710	1.653889
4.242853	1.584130
4.249996	1.443017
4.257139	1.468182
4.264281	1.609613
4.271424	1.549409
4.278567	1.425498
4.285710	1.457989
4.292853	1.657393
4.299996	1.602605
4.307139	1.529660
4.314281	1.414667
4.321424	1.369435
4.328567	1.362746
4.335710	1.658030
4.342853	1.504177
4.349996	1.381221
4.357139	1.535712
4.364281	1.428365
4.371424	1.459900
4.378567	1.660897
4.385710	1.553550
4.392853	1.495258
4.399996	1.640192
4.407138	1.428365
4.414281	1.633185
4.421424	1.545587
4.428567	1.473597
4.435710	1.610250
4.442853	1.542720
4.449996	1.642422
4.457138	1.609294
4.464281	1.352871
4.471424	1.575211
4.478567	1.558010
4.485710	1.426453
4.492853	1.552594
4.499995	1.658030
4.507138	1.617895
4.514281	1.570114
4.521424	1.605790
4.528567	1.513733
4.535710	1.433461
4.542853	1.433780
4.549995	1.579352
4.557138	1.362427
4.564281	1.475190
4.571424	1.327388
4.578567	1.629362
4.585710	1.556098
4.592853	1.511184
4.599995	1.493665
4.607138	1.589226
4.614281	1.634140
4.621424	1.665357
4.628567	1.446840
4.635710	1.528386
4.642853	1.368161
4.649995	1.468182
4.657138	1.657393
4.664281	1.526474
4.671424	1.470730
4.678567	1.481560
4.685710	1.647200
4.692852	1.564699
4.699995	1.500354
4.707138	1.345863
4.714281	1.663127
4.721424	1.573299
4.728567	1.514688
4.735710	1.326432
4.742852	1.454803
4.749995	1.651978
4.757138	1.542401
4.764281	1.613117
4.771424	1.643696
4.778567	1.560239
4.785710	1.353508
4.792852	1.485701
4.799995	1.536349
4.807138	1.623628
4.814281	1.541764
4.821424	1.620762
4.828567	1.557372
4.835709	1.532845
4.842852	1.550046
4.849995	1.487613
4.857138	1.535393
4.864281	1.470730
4.871424	1.577440
4.878567	1.614072
4.885709	1.461811
4.892852	1.584130
4.899995	1.497487
4.907138	1.483472
4.914281	1.528067
4.921424	1.694025
4.928566	1.667905
4.935709	1.582537
4.942852	1.535712
4.949995	1.511184
4.957138	1.449070
4.964281	1.582537
4.971424	1.589226
4.978566	1.609613
4.985709	1.481879
4.992852	1.596553

