LabVIEW Measurement	
Writer_Version	2
Reader_Version	2
Separator	Tab
Decimal_Separator	.
Multi_Headings	Yes
X_Columns	One
Time_Pref	Absolute
Operator	labuser
Date	2023/05/22
Time	15:59:52.727735549999626837
***End_of_Header***	
	
Channels	1	
Samples	700	
Date	2023/05/22	
Time	15:59:52.727735549999626837	
Y_Unit_Label	Volts	
X_Dimension	Time	
X0	0.0000000000000000E+0	
Delta_X	0.007143	
***End_of_Header***		
X_Value	Voltage	Comment
0.000000	1.553550
0.007143	1.397785
0.014286	1.538260
0.021429	1.444929
0.028571	1.519148
0.035714	1.607064
0.042857	1.400970
0.050000	1.577122
0.057143	1.429320
0.064286	1.431869
0.071429	1.334714
0.078571	1.534119
0.085714	1.662490
0.092857	1.295216
0.100000	1.531571
0.107143	1.450025
0.114286	1.468500
0.121428	1.372302
0.128571	1.621080
0.135714	1.502584
0.142857	1.678735
0.150000	1.525519
0.157143	1.588589
0.164286	1.483790
0.171428	1.488568
0.178571	1.487613
0.185714	1.368479
0.192857	1.450025
0.200000	1.547816
0.207143	1.624903
0.214285	1.394918
0.221428	1.439195
0.228571	1.397148
0.235714	1.581581
0.242857	1.428365
0.250000	1.545587
0.257143	1.454803
0.264285	1.560239
0.271428	1.561513
0.278571	1.657393
0.285714	1.480923
0.292857	1.584448
0.300000	1.301905
0.307143	1.293942
0.314285	1.434417
0.321428	1.679691
0.328571	1.356056
0.335714	1.628406
0.342857	1.473597
0.350000	1.524882
0.357143	1.510866
0.364285	1.342678
0.371428	1.543038
0.378571	1.554187
0.385714	1.606746
0.392857	1.591775
0.400000	1.648156
0.407142	1.388866
0.414285	1.409252
0.421428	1.594004
0.428571	1.303179
0.435714	1.578077
0.442857	1.445566
0.450000	1.500036
0.457142	1.390459
0.464285	1.474553
0.471428	1.474553
0.478571	1.525200
0.485714	1.545268
0.492857	1.615983
0.499999	1.576803
0.507142	1.572344
0.514285	1.401607
0.521428	1.588589
0.528571	1.470412
0.535714	1.495895
0.542857	1.350004
0.549999	1.664720
0.557142	1.621399
0.564285	1.527430
0.571428	1.569477
0.578571	1.555461
0.585714	1.641148
0.592857	1.655482
0.599999	1.551957
0.607142	1.347456
0.614285	1.341085
0.621428	1.599419
0.628571	1.492709
0.635714	1.597508
0.642857	1.293623
0.649999	1.481879
0.657142	1.424861
0.664285	1.595597
0.671428	1.642741
0.678571	1.372302
0.685714	1.610250
0.692856	1.462130
0.699999	1.625540
0.707142	1.344589
0.714285	1.572981
0.721428	1.629362
0.728571	1.517874
0.735714	1.347137
0.742856	1.572981
0.749999	1.358605
0.757142	1.503540
0.764285	1.335670
0.771428	1.417216
0.778571	1.373576
0.785713	1.597508
0.792856	1.410845
0.799999	1.559284
0.807142	1.392051
0.814285	1.354464
0.821428	1.383769
0.828571	1.645608
0.835713	1.428365
0.842856	1.454803
0.849999	1.343952
0.857142	1.431231
0.864285	1.463085
0.871428	1.475827
0.878571	1.321654
0.885713	1.413712
0.892856	1.514051
0.899999	1.406385
0.907142	1.526156
0.914285	1.337900
0.921428	1.422312
0.928570	1.347456
0.935713	1.563425
0.942856	1.321336
0.949999	1.547179
0.957142	1.550365
0.964285	1.557372
0.971428	1.493346
0.978570	1.469137
0.985713	1.537305
0.992856	1.624265
0.999999	1.486020
1.007142	1.547179
1.014285	1.545587
1.021428	1.694344
1.028570	1.297127
1.035713	1.407023
1.042856	1.501310
1.049999	1.548453
1.057142	1.477419
1.064285	1.432824
1.071427	1.454485
1.078570	1.525200
1.085713	1.342678
1.092856	1.601012
1.099999	1.696574
1.107142	1.540490
1.114285	1.415623
1.121427	1.413393
1.128570	1.644970
1.135713	1.548135
1.142856	1.352553
1.149999	1.368798
1.157142	1.523607
1.164285	1.425179
1.171427	1.458307
1.178570	1.327070
1.185713	1.601012
1.192856	1.362427
1.199999	1.303179
1.207142	1.539853
1.214284	1.522015
1.221427	1.445884
1.228570	1.464359
1.235713	1.436328
1.242856	1.487294
1.249999	1.384725
1.257142	1.351597
1.264284	1.453211
1.271427	1.440788
1.278570	1.402882
1.285713	1.609931
1.292856	1.466589
1.299999	1.418171
1.307142	1.623310
1.314284	1.339811
1.321427	1.479012
1.328570	1.354782
1.335713	1.401289
1.342856	1.676187
1.349999	1.531571
1.357141	1.603879
1.364284	1.280881
1.371427	1.367842
1.378570	1.397466
1.385713	1.400015
1.392856	1.579033
1.399999	1.522970
1.407141	1.577759
1.414284	1.586041
1.421427	1.463404
1.428570	1.349049
1.435713	1.380584
1.442856	1.560558
1.449999	1.562151
1.457141	1.439832
1.464284	1.295216
1.471427	1.389184
1.478570	1.534119
1.485713	1.453848
1.492856	1.523607
1.499999	1.356375
1.507141	1.561832
1.514284	1.730657
1.521427	1.471686
1.528570	1.586678
1.535713	1.384725
1.542856	1.496850
1.549998	1.509910
1.557141	1.370709
1.564284	1.575848
1.571427	1.482516
1.578570	1.465634
1.585713	1.470730
1.592856	1.504177
1.599998	1.508636
1.607141	1.453848
1.614284	1.516281
1.621427	1.586359
1.628570	1.495895
1.635713	1.371346
1.642856	1.487294
1.649998	1.445247
1.657141	1.411164
1.664284	1.414349
1.671427	1.359242
1.678570	1.492709
1.685713	1.489205
1.692855	1.536668
1.699998	1.613435
1.707141	1.531571
1.714284	1.547179
1.721427	1.432187
1.728570	1.527111
1.735713	1.700078
1.742855	1.505451
1.749998	1.471049
1.757141	1.428046
1.764284	1.447158
1.771427	1.528386
1.778570	1.322929
1.785713	1.450025
1.792855	1.586359
1.799998	1.538579
1.807141	1.441106
1.814284	1.395874
1.821427	1.699759
1.828570	1.487294
1.835712	1.520741
1.842855	1.570114
1.849998	1.511822
1.857141	1.323566
1.864284	1.536668
1.871427	1.617576
1.878570	1.538897
1.885712	1.471049
1.892855	1.385680
1.899998	1.291712
1.907141	1.460855
1.914284	1.556417
1.921427	1.525200
1.928570	1.444291
1.935712	1.561513
1.942855	1.592093
1.949998	1.602286
1.957141	1.467545
1.964284	1.327707
1.971427	1.325477
1.978569	1.417853
1.985712	1.553231
1.992855	1.612161
1.999998	1.422631
2.007141	1.384088
2.014284	1.470730
2.021427	1.414986
2.028569	1.508636
2.035712	1.400333
2.042855	1.581900
2.049998	1.457670
2.057141	1.472641
2.064284	1.407978
2.071426	1.617576
2.078569	1.582537
2.085712	1.716323
2.092855	1.429320
2.099998	1.361472
2.107141	1.505769
2.114284	1.379310
2.121426	1.524563
2.128569	1.391414
2.135712	1.373258
2.142855	1.472004
2.149998	1.486020
2.157141	1.299994
2.164284	1.671409
2.171426	1.407660
2.178569	1.600057
2.185712	1.465952
2.192855	1.678098
2.199998	1.458944
2.207141	1.567566
2.214284	1.545905
2.221426	1.553869
2.228569	1.548772
2.235712	1.465315
2.242855	1.574892
2.249998	1.443973
2.257141	1.406385
2.264283	1.663764
2.271426	1.323247
2.278569	1.515007
2.285712	1.370709
2.292855	1.499717
2.299998	1.463722
2.307141	1.426772
2.314283	1.593049
2.321426	1.430276
2.328569	1.521378
2.335712	1.401607
2.342855	1.441425
2.349998	1.493346
2.357140	1.451299
2.364283	1.437921
2.371426	1.346819
2.378569	1.531252
2.385712	1.488568
2.392855	1.616621
2.399998	1.479331
2.407140	1.628406
2.414283	1.433143
2.421426	1.494302
2.428569	1.366250
2.435712	1.440150
2.442855	1.416897
2.449998	1.640511
2.457140	1.470093
2.464283	1.491435
2.471426	1.384725
2.478569	1.488887
2.485712	1.439513
2.492855	1.464359
2.499998	1.433780
2.507140	1.559602
2.514283	1.383769
2.521426	1.495258
2.528569	1.579670
2.535712	1.519148
2.542855	1.577759
2.549997	1.503858
2.557140	1.511503
2.564283	1.453848
2.571426	1.315284
2.578569	1.644652
2.585712	1.457352
2.592855	1.484746
2.599997	1.579670
2.607140	1.507681
2.614283	1.534438
2.621426	1.539534
2.628569	1.392688
2.635712	1.419127
2.642854	1.312417
2.649997	1.595916
2.657140	1.505132
2.664283	1.567884
2.671426	1.542401
2.678569	1.532845
2.685712	1.551639
2.692854	1.337581
2.699997	1.370709
2.707140	1.454166
2.714283	1.555143
2.721426	1.551957
2.728569	1.357331
2.735712	1.336307
2.742854	1.517237
2.749997	1.456396
2.757140	1.332485
2.764283	1.393644
2.771426	1.526793
2.778569	1.452255
2.785712	1.639874
2.792854	1.402882
2.799997	1.373895
2.807140	1.619169
2.814283	1.684469
2.821426	1.432187
2.828569	1.639555
2.835711	1.290756
2.842854	1.434098
2.849997	1.333440
2.857140	1.585722
2.864283	1.318469
2.871426	1.378354
2.878569	1.339492
2.885711	1.506725
2.892854	1.502584
2.899997	1.562151
2.907140	1.364657
2.914283	1.524245
2.921426	1.511503
2.928568	1.538897
2.935711	1.367524
2.942854	1.601649
2.949997	1.609294
2.957140	1.502902
2.964283	1.437602
2.971426	1.402244
2.978568	1.515007
2.985711	1.639237
2.992854	1.422312
2.999997	1.411801
3.007140	1.624584
3.014283	1.493665
3.021426	1.696574
3.028568	1.394918
3.035711	1.384725
3.042854	1.523289
3.049997	1.613435
3.057140	1.499717
3.064283	1.479331
3.071426	1.587315
3.078568	1.512459
3.085711	1.614391
3.092854	1.482516
3.099997	1.490161
3.107140	1.537623
3.114283	1.588589
3.121425	1.472004
3.128568	1.393962
3.135711	1.564699
3.142854	1.450981
3.149997	1.591775
3.157140	1.376443
3.164283	1.522970
3.171425	1.492391
3.178568	1.387273
3.185711	1.627451
3.192854	1.420083
3.199997	1.353508
3.207140	1.680647
3.214282	1.435054
3.221425	1.371028
3.228568	1.619169
3.235711	1.435372
3.242854	1.533164
3.249997	1.583174
3.257140	1.638281
3.264282	1.589863
3.271425	1.405430
3.278568	1.675869
3.285711	1.347774
3.292854	1.369435
3.299997	1.402882
3.307140	1.505132
3.314282	1.423587
3.321425	1.416897
3.328568	1.319425
3.335711	1.535075
3.342854	1.550683
3.349997	1.634777
3.357140	1.450981
3.364282	1.535393
3.371425	1.481242
3.378568	1.499399
3.385711	1.291075
3.392854	1.429639
3.399997	1.653252
3.407139	1.315921
3.414282	1.334714
3.421425	1.492709
3.428568	1.362109
3.435711	1.587634
3.442854	1.508318
3.449997	1.645926
3.457139	1.561832
3.464282	1.435372
3.471425	1.356056
3.478568	1.491435
3.485711	1.438239
3.492854	1.429957
3.499996	1.457989
3.507139	1.425179
3.514282	1.368479
3.521425	1.362109
3.528568	1.397466
3.535711	1.706448
3.542854	1.585404
3.549996	1.299675
3.557139	1.583174
3.564282	1.459581
3.571425	1.610887
3.578568	1.549728
3.585711	1.531571
3.592854	1.417853
3.599996	1.366568
3.607139	1.497169
3.614282	1.344908
3.621425	1.353190
3.628568	1.550365
3.635711	1.310506
3.642854	1.304453
3.649996	1.454485
3.657139	1.583811
3.664282	1.565973
3.671425	1.383769
3.678568	1.553550
3.685711	1.372620
3.692853	1.554824
3.699996	1.278652
3.707139	1.615346
3.714282	1.285022
3.721425	1.390777
3.728568	1.555461
3.735711	1.678098
3.742853	1.390459
3.749996	1.313054
3.757139	1.440469
3.764282	1.415623
3.771425	1.417853
3.778568	1.530934
3.785710	1.405111
3.792853	1.519466
3.799996	1.335670
3.807139	1.586678
3.814282	1.524882
3.821425	1.425498
3.828568	1.426135
3.835710	1.551639
3.842853	1.408934
3.849996	1.528386
3.857139	1.555461
3.864282	1.487294
3.871425	1.537623
3.878568	1.269414
3.885710	1.520422
3.892853	1.608976
3.899996	1.535712
3.907139	1.509910
3.914282	1.579033
3.921425	1.614709
3.928568	1.471049
3.935710	1.507043
3.942853	1.322610
3.949996	1.305409
3.957139	1.479331
3.964282	1.348412
3.971425	1.548135
3.978567	1.539534
3.985710	1.532208
3.992853	1.456714
3.999996	1.642104
4.007139	1.608339
4.014282	1.391414
4.021425	1.412119
4.028567	1.478375
4.035710	1.422949
4.042853	1.405111
4.049996	1.376124
4.057139	1.328344
4.064282	1.437921
4.071424	1.449388
4.078567	1.328981
4.085710	1.399059
4.092853	1.582537
4.099996	1.603560
4.107139	1.421675
4.114282	1.554824
4.121424	1.459900
4.128567	1.562788
4.135710	1.474553
4.142853	1.449707
4.149996	1.286297
4.157139	1.362427
4.164282	1.382495
4.171424	1.472641
4.178567	1.556417
4.185710	1.459263
4.192853	1.412756
4.199996	1.550046
4.207139	1.317832
4.214282	1.433780
4.221424	1.578077
4.228567	1.637644
4.235710	1.385362
4.242853	1.551320
4.249996	1.500354
4.257139	1.357968
4.264281	1.404793
4.271424	1.421675
4.278567	1.477101
4.285710	1.469775
4.292853	1.563743
4.299996	1.525519
4.307139	1.525837
4.314281	1.595916
4.321424	1.455122
4.328567	1.381858
4.335710	1.579352
4.342853	1.522015
4.349996	1.551002
4.357139	1.614072
4.364281	1.481560
4.371424	1.585404
4.378567	1.521378
4.385710	1.576485
4.392853	1.668861
4.399996	1.364976
4.407138	1.604835
4.414281	1.493028
4.421424	1.611205
4.428567	1.393007
4.435710	1.482835
4.442853	1.657393
4.449996	1.562151
4.457138	1.460218
4.464281	1.458307
4.471424	1.407660
4.478567	1.573618
4.485710	1.466589
4.492853	1.623628
4.499995	1.503540
4.507138	1.565336
4.514281	1.358923
4.521424	1.429639
4.528567	1.501628
4.535710	1.418490
4.542853	1.565336
4.549995	1.503540
4.557138	1.646245
4.564281	1.361153
4.571424	1.561513
4.578567	1.483790
4.585710	1.462767
4.592853	1.408934
4.599995	1.500036
4.607138	1.300949
4.614281	1.453211
4.621424	1.513414
4.628567	1.430276
4.635710	1.472641
4.642853	1.478057
4.649995	1.586359
4.657138	1.479649
4.664281	1.375487
4.671424	1.586359
4.678567	1.429639
4.685710	1.630636
4.692852	1.552594
4.699995	1.586997
4.707138	1.400333
4.714281	1.625540
4.721424	1.695937
4.728567	1.472004
4.735710	1.516281
4.742852	1.367524
4.749995	1.483153
4.757138	1.273237
4.764281	1.475508
4.771424	1.569795
4.778567	1.605790
4.785710	1.558010
4.792852	1.350323
4.799995	1.415305
4.807138	1.378991
4.814281	1.362109
4.821424	1.499717
4.828567	1.384725
4.835709	1.640192
4.842852	1.558965
4.849995	1.429639
4.857138	1.558328
4.864281	1.649430
4.871424	1.491754
4.878567	1.504495
4.885709	1.479331
4.892852	1.646882
4.899995	1.466271
4.907138	1.507681
4.914281	1.410526
4.921424	1.547816
4.928566	1.448432
4.935709	1.613435
4.942852	1.627451
4.949995	1.570114
4.957138	1.419446
4.964281	1.565017
4.971424	1.334714
4.978566	1.586997
4.985709	1.490798
4.992852	1.354145

