LabVIEW Measurement	
Writer_Version	2
Reader_Version	2
Separator	Tab
Decimal_Separator	.
Multi_Headings	Yes
X_Columns	One
Time_Pref	Absolute
Operator	labuser
Date	2023/05/22
Time	15:49:40.0630143499999710257
***End_of_Header***	
	
Channels	1	
Samples	700	
Date	2023/05/22	
Time	15:49:40.0630143499999710257	
Y_Unit_Label	Volts	
X_Dimension	Time	
X0	0.0000000000000000E+0	
Delta_X	0.007143	
***End_of_Header***		
X_Value	Voltage	Comment
0.000000	1.548453
0.007143	1.589226
0.014286	1.585085
0.021429	1.564380
0.028571	1.591775
0.035714	1.577759
0.042857	1.613435
0.050000	1.610887
0.057143	1.563106
0.064286	1.596553
0.071429	1.589863
0.078571	1.558965
0.085714	1.596871
0.092857	1.572025
0.100000	1.613435
0.107143	1.608020
0.114286	1.598464
0.121428	1.586041
0.128571	1.587315
0.135714	1.591456
0.142857	1.580626
0.150000	1.574255
0.157143	1.594641
0.164286	1.625221
0.171428	1.562151
0.178571	1.617258
0.185714	1.607383
0.192857	1.593049
0.200000	1.587952
0.207143	1.541764
0.214285	1.578077
0.221428	1.579670
0.228571	1.607701
0.235714	1.628725
0.242857	1.581581
0.250000	1.585722
0.257143	1.609294
0.264285	1.595916
0.271428	1.589863
0.278571	1.577759
0.285714	1.613117
0.292857	1.598145
0.300000	1.601012
0.307143	1.619169
0.314285	1.585404
0.321428	1.594960
0.328571	1.580307
0.335714	1.594641
0.342857	1.551002
0.350000	1.586041
0.357143	1.589545
0.364285	1.550683
0.371428	1.567247
0.378571	1.579989
0.385714	1.568203
0.392857	1.611524
0.400000	1.617895
0.407142	1.598464
0.414285	1.578077
0.421428	1.605472
0.428571	1.586997
0.435714	1.556735
0.442857	1.560558
0.450000	1.526156
0.457142	1.623628
0.464285	1.551320
0.471428	1.591138
0.478571	1.578396
0.485714	1.572025
0.492857	1.579989
0.499999	1.601012
0.507142	1.570751
0.514285	1.550046
0.521428	1.557691
0.528571	1.570114
0.535714	1.583811
0.542857	1.572662
0.549999	1.588271
0.557142	1.569477
0.564285	1.622673
0.571428	1.573936
0.578571	1.621399
0.585714	1.562469
0.592857	1.557054
0.599999	1.565336
0.607142	1.582218
0.614285	1.608657
0.621428	1.580944
0.628571	1.579989
0.635714	1.575848
0.642857	1.626814
0.649999	1.561195
0.657142	1.593049
0.664285	1.552594
0.671428	1.519785
0.678571	1.546542
0.685714	1.573936
0.692856	1.610887
0.699999	1.561832
0.707142	1.586997
0.714285	1.612798
0.721428	1.586678
0.728571	1.591775
0.735714	1.609294
0.742856	1.573618
0.749999	1.575529
0.757142	1.526156
0.764285	1.605790
0.771428	1.579352
0.778571	1.592730
0.785713	1.553869
0.792856	1.588271
0.799999	1.564062
0.807142	1.592730
0.814285	1.552913
0.821428	1.531889
0.828571	1.558647
0.835713	1.569477
0.842856	1.592093
0.849999	1.593367
0.857142	1.570114
0.864285	1.629999
0.871428	1.579033
0.878571	1.606427
0.885713	1.608657
0.892856	1.567247
0.899999	1.617576
0.907142	1.626814
0.914285	1.587952
0.921428	1.605153
0.928570	1.565017
0.935713	1.597827
0.942856	1.561513
0.949999	1.574892
0.957142	1.551639
0.964285	1.550365
0.971428	1.548453
0.978570	1.626495
0.985713	1.558010
0.992856	1.608657
0.999999	1.569477
1.007142	1.581900
1.014285	1.539853
1.021428	1.607064
1.028570	1.603879
1.035713	1.556735
1.042856	1.565973
1.049999	1.583174
1.057142	1.596234
1.064285	1.624903
1.071427	1.619806
1.078570	1.567884
1.085713	1.562788
1.092856	1.589863
1.099999	1.574892
1.107142	1.596553
1.114285	1.563106
1.121427	1.634777
1.128570	1.613117
1.135713	1.581263
1.142856	1.618532
1.149999	1.524882
1.157142	1.617895
1.164285	1.612161
1.171427	1.570114
1.178570	1.591775
1.185713	1.613117
1.192856	1.584130
1.199999	1.591456
1.207142	1.568521
1.214284	1.631273
1.221427	1.575211
1.228570	1.592730
1.235713	1.620443
1.242856	1.590500
1.249999	1.551320
1.257142	1.579033
1.264284	1.590500
1.271427	1.603242
1.278570	1.569795
1.285713	1.586678
1.292856	1.593049
1.299999	1.574574
1.307142	1.628088
1.314284	1.566292
1.321427	1.588908
1.328570	1.593367
1.335713	1.555143
1.342856	1.592093
1.349999	1.566292
1.357141	1.574892
1.364284	1.608657
1.371427	1.595279
1.378570	1.599101
1.385713	1.612798
1.392856	1.624265
1.399999	1.591775
1.407141	1.551002
1.414284	1.582856
1.421427	1.555780
1.428570	1.566929
1.435713	1.604198
1.442856	1.581900
1.449999	1.601331
1.457141	1.575529
1.464284	1.584448
1.471427	1.554506
1.478570	1.596234
1.485713	1.599419
1.492856	1.559602
1.499999	1.592730
1.507141	1.585722
1.514284	1.607064
1.521427	1.594641
1.528570	1.631592
1.535713	1.598464
1.542856	1.537623
1.549998	1.587952
1.557141	1.615983
1.564284	1.604516
1.571427	1.612161
1.578570	1.585085
1.585713	1.613117
1.592856	1.565654
1.599998	1.595597
1.607141	1.596553
1.614284	1.627132
1.621427	1.576803
1.628570	1.606746
1.635713	1.575211
1.642856	1.551320
1.649998	1.565336
1.657141	1.586678
1.664284	1.566292
1.671427	1.596871
1.678570	1.632229
1.685713	1.593686
1.692855	1.555780
1.699998	1.579670
1.707141	1.581581
1.714284	1.552276
1.721427	1.611524
1.728570	1.586359
1.735713	1.585722
1.742855	1.631273
1.749998	1.632229
1.757141	1.577440
1.764284	1.586678
1.771427	1.567247
1.778570	1.606746
1.785713	1.617895
1.792855	1.547816
1.799998	1.593049
1.807141	1.603879
1.814284	1.538579
1.821427	1.577122
1.828570	1.570114
1.835712	1.580944
1.842855	1.562788
1.849998	1.616302
1.857141	1.550683
1.864284	1.622354
1.871427	1.578715
1.878570	1.573936
1.885712	1.600057
1.892855	1.598464
1.899998	1.583174
1.907141	1.582218
1.914284	1.563425
1.921427	1.585404
1.928570	1.573936
1.935712	1.556417
1.942855	1.547498
1.949998	1.542720
1.957141	1.584130
1.964284	1.615028
1.971427	1.579352
1.978569	1.590500
1.985712	1.562788
1.992855	1.592730
1.999998	1.601331
2.007141	1.585085
2.014284	1.584130
2.021427	1.581581
2.028569	1.590182
2.035712	1.622991
2.042855	1.593049
2.049998	1.570114
2.057141	1.599419
2.064284	1.621399
2.071426	1.580626
2.078569	1.579033
2.085712	1.629044
2.092855	1.564380
2.099998	1.582218
2.107141	1.596234
2.114284	1.556735
2.121426	1.559921
2.128569	1.588589
2.135712	1.584767
2.142855	1.534756
2.149998	1.558965
2.157141	1.610568
2.164284	1.565336
2.171426	1.560876
2.178569	1.574574
2.185712	1.549728
2.192855	1.606746
2.199998	1.615028
2.207141	1.600694
2.214284	1.604516
2.221426	1.597827
2.228569	1.572981
2.235712	1.617258
2.242855	1.600057
2.249998	1.589545
2.257141	1.577122
2.264283	1.590182
2.271426	1.617258
2.278569	1.565973
2.285712	1.595597
2.292855	1.601012
2.299998	1.600694
2.307141	1.587315
2.314283	1.615028
2.321426	1.545268
2.328569	1.583493
2.335712	1.603242
2.342855	1.587952
2.349998	1.598145
2.357140	1.550365
2.364283	1.577759
2.371426	1.562151
2.378569	1.566929
2.385712	1.599419
2.392855	1.574255
2.399998	1.556735
2.407140	1.627769
2.414283	1.547498
2.421426	1.619169
2.428569	1.564380
2.435712	1.614391
2.442855	1.612798
2.449998	1.612798
2.457140	1.615983
2.464283	1.584448
2.471426	1.603879
2.478569	1.586997
2.485712	1.565973
2.492855	1.573618
2.499998	1.531889
2.507140	1.528067
2.514283	1.602286
2.521426	1.579670
2.528569	1.559921
2.535712	1.614072
2.542855	1.554824
2.549997	1.571070
2.557140	1.577759
2.564283	1.560876
2.571426	1.585404
2.578569	1.571070
2.585712	1.577759
2.592855	1.612480
2.599997	1.591775
2.607140	1.593367
2.614283	1.569477
2.621426	1.573618
2.628569	1.571070
2.635712	1.620443
2.642854	1.550365
2.649997	1.555780
2.657140	1.597827
2.664283	1.551957
2.671426	1.548772
2.678569	1.583174
2.685712	1.545905
2.692854	1.577122
2.699997	1.565336
2.707140	1.621080
2.714283	1.546542
2.721426	1.604516
2.728569	1.552276
2.735712	1.551002
2.742854	1.573936
2.749997	1.591775
2.757140	1.623628
2.764283	1.587952
2.771426	1.577122
2.778569	1.594960
2.785712	1.560239
2.792854	1.582218
2.799997	1.620443
2.807140	1.572025
2.814283	1.555143
2.821426	1.589863
2.828569	1.611842
2.835711	1.599738
2.842854	1.610887
2.849997	1.554187
2.857140	1.567884
2.864283	1.533164
2.871426	1.598464
2.878569	1.621717
2.885711	1.609931
2.892854	1.614072
2.899997	1.569158
2.907140	1.577440
2.914283	1.616302
2.921426	1.614072
2.928568	1.594641
2.935711	1.569795
2.942854	1.588589
2.949997	1.593049
2.957140	1.579352
2.964283	1.578396
2.971426	1.546224
2.978568	1.574574
2.985711	1.561195
2.992854	1.552913
2.999997	1.565973
3.007140	1.608339
3.014283	1.593049
3.021426	1.529978
3.028568	1.647200
3.035711	1.533482
3.042854	1.606427
3.049997	1.581263
3.057140	1.622991
3.064283	1.584448
3.071426	1.618213
3.078568	1.593049
3.085711	1.580307
3.092854	1.603560
3.099997	1.553550
3.107140	1.612161
3.114283	1.525519
3.121425	1.590182
3.128568	1.604835
3.135711	1.589863
3.142854	1.588589
3.149997	1.598782
3.157140	1.559602
3.164283	1.584130
3.171425	1.627769
3.178568	1.593686
3.185711	1.621080
3.192854	1.568203
3.199997	1.563743
3.207140	1.602605
3.214282	1.599101
3.221425	1.553869
3.228568	1.584767
3.235711	1.559284
3.242854	1.615665
3.249997	1.565973
3.257140	1.565336
3.264282	1.558965
3.271425	1.574892
3.278568	1.577440
3.285711	1.572981
3.292854	1.616621
3.299997	1.586041
3.307140	1.612161
3.314282	1.585085
3.321425	1.575529
3.328568	1.564699
3.335711	1.594960
3.342854	1.596553
3.349997	1.625540
3.357140	1.584448
3.364282	1.577440
3.371425	1.602286
3.378568	1.618213
3.385711	1.599738
3.392854	1.577440
3.399997	1.579033
3.407139	1.589545
3.414282	1.556417
3.421425	1.576485
3.428568	1.558328
3.435711	1.561195
3.442854	1.578077
3.449997	1.553231
3.457139	1.594960
3.464282	1.619806
3.471425	1.601331
3.478568	1.558965
3.485711	1.599101
3.492854	1.593367
3.499996	1.576166
3.507139	1.564062
3.514282	1.579670
3.521425	1.556098
3.528568	1.553869
3.535711	1.521059
3.542854	1.593367
3.549996	1.589545
3.557139	1.598145
3.564282	1.597508
3.571425	1.570433
3.578568	1.550683
3.585711	1.588271
3.592854	1.599419
3.599996	1.595279
3.607139	1.584767
3.614282	1.591138
3.621425	1.578396
3.628568	1.575211
3.635711	1.599419
3.642854	1.581900
3.649996	1.577440
3.657139	1.590819
3.664282	1.539853
3.671425	1.570114
3.678568	1.614391
3.685711	1.566610
3.692853	1.620762
3.699996	1.579670
3.707139	1.612798
3.714282	1.582856
3.721425	1.547179
3.728568	1.571388
3.735711	1.622991
3.742853	1.580626
3.749996	1.585404
3.757139	1.554824
3.764282	1.556735
3.771425	1.543675
3.778568	1.573299
3.785710	1.594004
3.792853	1.594004
3.799996	1.585404
3.807139	1.568840
3.814282	1.580307
3.821425	1.549728
3.828568	1.581900
3.835710	1.594960
3.842853	1.577759
3.849996	1.586997
3.857139	1.594960
3.864282	1.603560
3.871425	1.617576
3.878568	1.570433
3.885710	1.594323
3.892853	1.577759
3.899996	1.627132
3.907139	1.583493
3.914282	1.589226
3.921425	1.579033
3.928568	1.586041
3.935710	1.587952
3.942853	1.555461
3.949996	1.623628
3.957139	1.617895
3.964282	1.566292
3.971425	1.565973
3.978567	1.603879
3.985710	1.615983
3.992853	1.587952
3.999996	1.560876
4.007139	1.578715
4.014282	1.573618
4.021425	1.569477
4.028567	1.566929
4.035710	1.555780
4.042853	1.571388
4.049996	1.605472
4.057139	1.561832
4.064282	1.549728
4.071424	1.543994
4.078567	1.540809
4.085710	1.600057
4.092853	1.563106
4.099996	1.548772
4.107139	1.548135
4.114282	1.629044
4.121424	1.594641
4.128567	1.620443
4.135710	1.558328
4.142853	1.579033
4.149996	1.550046
4.157139	1.601649
4.164282	1.544631
4.171424	1.553869
4.178567	1.542720
4.185710	1.572981
4.192853	1.596553
4.199996	1.603242
4.207139	1.565654
4.214282	1.626495
4.221424	1.599738
4.228567	1.591456
4.235710	1.631910
4.242853	1.602605
4.249996	1.604516
4.257139	1.611842
4.264281	1.628406
4.271424	1.629681
4.278567	1.556735
4.285710	1.587634
4.292853	1.596553
4.299996	1.590819
4.307139	1.580944
4.314281	1.602286
4.321424	1.537942
4.328567	1.594004
4.335710	1.537623
4.342853	1.594323
4.349996	1.561195
4.357139	1.569158
4.364281	1.572662
4.371424	1.582218
4.378567	1.594960
4.385710	1.622036
4.392853	1.574255
4.399996	1.649430
4.407138	1.559284
4.414281	1.624584
4.421424	1.597827
4.428567	1.607064
4.435710	1.599101
4.442853	1.557691
4.449996	1.619487
4.457138	1.545587
4.464281	1.600057
4.471424	1.597508
4.478567	1.591456
4.485710	1.589863
4.492853	1.614709
4.499995	1.560876
4.507138	1.632547
4.514281	1.625540
4.521424	1.573936
4.528567	1.615983
4.535710	1.576166
4.542853	1.564699
4.549995	1.626177
4.557138	1.594641
4.564281	1.573936
4.571424	1.590500
4.578567	1.541764
4.585710	1.596553
4.592853	1.559284
4.599995	1.567884
4.607138	1.600375
4.614281	1.603560
4.621424	1.548135
4.628567	1.602923
4.635710	1.566292
4.642853	1.578396
4.649995	1.616621
4.657138	1.608657
4.664281	1.581900
4.671424	1.565654
4.678567	1.579352
4.685710	1.607064
4.692852	1.564699
4.699995	1.588589
4.707138	1.569477
4.714281	1.628725
4.721424	1.573299
4.728567	1.548453
4.735710	1.605472
4.742852	1.584767
4.749995	1.556417
4.757138	1.570114
4.764281	1.583174
4.771424	1.572662
4.778567	1.597190
4.785710	1.563743
4.792852	1.615983
4.799995	1.567566
4.807138	1.565973
4.814281	1.603560
4.821424	1.552913
4.828567	1.552913
4.835709	1.597508
4.842852	1.587952
4.849995	1.559921
4.857138	1.599738
4.864281	1.618850
4.871424	1.581263
4.878567	1.604835
4.885709	1.596553
4.892852	1.572662
4.899995	1.593686
4.907138	1.572662
4.914281	1.546542
4.921424	1.571707
4.928566	1.577759
4.935709	1.596553
4.942852	1.563743
4.949995	1.597190
4.957138	1.619487
4.964281	1.602923
4.971424	1.613754
4.978566	1.578396
4.985709	1.563425
4.992852	1.598145

