LabVIEW Measurement	
Writer_Version	2
Reader_Version	2
Separator	Tab
Decimal_Separator	.
Multi_Headings	Yes
X_Columns	One
Time_Pref	Absolute
Operator	labuser
Date	2023/05/22
Time	15:57:50.5507955499997184554
***End_of_Header***	
	
Channels	1	
Samples	700	
Date	2023/05/22	
Time	15:57:50.5507955499997184554	
Y_Unit_Label	Volts	
X_Dimension	Time	
X0	0.0000000000000000E+0	
Delta_X	0.007143	
***End_of_Header***		
X_Value	Voltage	Comment
0.000000	1.613435
0.007143	1.471049
0.014286	1.359879
0.021429	1.607701
0.028571	1.524563
0.035714	1.401289
0.042857	1.373576
0.050000	1.517555
0.057143	1.465634
0.064286	1.573299
0.071429	1.543357
0.078571	1.454166
0.085714	1.663127
0.092857	1.489842
0.100000	1.340130
0.107143	1.426135
0.114286	1.553869
0.121428	1.515644
0.128571	1.257628
0.135714	1.307320
0.142857	1.661853
0.150000	1.582218
0.157143	1.602286
0.164286	1.572981
0.171428	1.336944
0.178571	1.400652
0.185714	1.604198
0.192857	1.595916
0.200000	1.469456
0.207143	1.524563
0.214285	1.521378
0.221428	1.382814
0.228571	1.400652
0.235714	1.559921
0.242857	1.452892
0.250000	1.616939
0.257143	1.337581
0.264285	1.374532
0.271428	1.509592
0.278571	1.503858
0.285714	1.395555
0.292857	1.634777
0.300000	1.427728
0.307143	1.591456
0.314285	1.528067
0.321428	1.577759
0.328571	1.507043
0.335714	1.558328
0.342857	1.455759
0.350000	1.477101
0.357143	1.459900
0.364285	1.498443
0.371428	1.508955
0.378571	1.374213
0.385714	1.635414
0.392857	1.317195
0.400000	1.442062
0.407142	1.441743
0.414285	1.527748
0.421428	1.466589
0.428571	1.327070
0.435714	1.460855
0.442857	1.560558
0.450000	1.246479
0.457142	1.447158
0.464285	1.641785
0.471428	1.609613
0.478571	1.539216
0.485714	1.427409
0.492857	1.606109
0.499999	1.446521
0.507142	1.334714
0.514285	1.446203
0.521428	1.384088
0.528571	1.473597
0.535714	1.499399
0.542857	1.407023
0.549999	1.453211
0.557142	1.383132
0.564285	1.387592
0.571428	1.490798
0.578571	1.499717
0.585714	1.503221
0.592857	1.520422
0.599999	1.446840
0.607142	1.402882
0.614285	1.328662
0.621428	1.475508
0.628571	1.508318
0.635714	1.544312
0.642857	1.591775
0.649999	1.505769
0.657142	1.629044
0.664285	1.354782
0.671428	1.615983
0.678571	1.488568
0.685714	1.531889
0.692856	1.467545
0.699999	1.396192
0.707142	1.552913
0.714285	1.513414
0.721428	1.369754
0.728571	1.512140
0.735714	1.628406
0.742856	1.371983
0.749999	1.479968
0.757142	1.572662
0.764285	1.225456
0.771428	1.395555
0.778571	1.663764
0.785713	1.485064
0.792856	1.601649
0.799999	1.458944
0.807142	1.432187
0.814285	1.370391
0.821428	1.431869
0.828571	1.453848
0.835713	1.418808
0.842856	1.637963
0.849999	1.591775
0.857142	1.392370
0.864285	1.656438
0.871428	1.342359
0.878571	1.542083
0.885713	1.449070
0.892856	1.560876
0.899999	1.573936
0.907142	1.342678
0.914285	1.543675
0.921428	1.581581
0.928570	1.606427
0.935713	1.426135
0.942856	1.478057
0.949999	1.405111
0.957142	1.493983
0.964285	1.511822
0.971428	1.610250
0.978570	1.316239
0.985713	1.572344
0.992856	1.512140
0.999999	1.413075
1.007142	1.623628
1.014285	1.391096
1.021428	1.595279
1.028570	1.449070
1.035713	1.608020
1.042856	1.437921
1.049999	1.526474
1.057142	1.482198
1.064285	1.491117
1.071427	1.523607
1.078570	1.218767
1.085713	1.361153
1.092856	1.502584
1.099999	1.637644
1.107142	1.480605
1.114285	1.617258
1.121427	1.501628
1.128570	1.640192
1.135713	1.433143
1.142856	1.393962
1.149999	1.321973
1.157142	1.461493
1.164285	1.512459
1.171427	1.482516
1.178570	1.452892
1.185713	1.428046
1.192856	1.428365
1.199999	1.364976
1.207142	1.522970
1.214284	1.524882
1.221427	1.592730
1.228570	1.576803
1.235713	1.534756
1.242856	1.431550
1.249999	1.368479
1.257142	1.543357
1.264284	1.444291
1.271427	1.394281
1.278570	1.556735
1.285713	1.552594
1.292856	1.401926
1.299999	1.479331
1.307142	1.607064
1.314284	1.441106
1.321427	1.649111
1.328570	1.473278
1.335713	1.489524
1.342856	1.432824
1.349999	1.552594
1.357141	1.569477
1.364284	1.308913
1.371427	1.453529
1.378570	1.428046
1.385713	1.504495
1.392856	1.483790
1.399999	1.612798
1.407141	1.354782
1.414284	1.313372
1.421427	1.580307
1.428570	1.583493
1.435713	1.331848
1.442856	1.321973
1.449999	1.525200
1.457141	1.404474
1.464284	1.551957
1.471427	1.559921
1.478570	1.528704
1.485713	1.506088
1.492856	1.419764
1.499999	1.564062
1.507141	1.326751
1.514284	1.533482
1.521427	1.582537
1.528570	1.419127
1.535713	1.498124
1.542856	1.528067
1.549998	1.500991
1.557141	1.409252
1.564284	1.440469
1.571427	1.351915
1.578570	1.466589
1.585713	1.457033
1.592856	1.543038
1.599998	1.397466
1.607141	1.293942
1.614284	1.623628
1.621427	1.595597
1.628570	1.554187
1.635713	1.424224
1.642856	1.289801
1.649998	1.358286
1.657141	1.554506
1.664284	1.533164
1.671427	1.459263
1.678570	1.431869
1.685713	1.531889
1.692855	1.526474
1.699998	1.372620
1.707141	1.455759
1.714284	1.595916
1.721427	1.511184
1.728570	1.590182
1.735713	1.417853
1.742855	1.460855
1.749998	1.300312
1.757141	1.400970
1.764284	1.500673
1.771427	1.242020
1.778570	1.427090
1.785713	1.576803
1.792855	1.418490
1.799998	1.626495
1.807141	1.533164
1.814284	1.443973
1.821427	1.328981
1.828570	1.619487
1.835712	1.360197
1.842855	1.467226
1.849998	1.449707
1.857141	1.610568
1.864284	1.505132
1.871427	1.622036
1.878570	1.552276
1.885712	1.242657
1.892855	1.428365
1.899998	1.500673
1.907141	1.512777
1.914284	1.482198
1.921427	1.594641
1.928570	1.480605
1.935712	1.626814
1.942855	1.321336
1.949998	1.451299
1.957141	1.270370
1.964284	1.520741
1.971427	1.559921
1.978569	1.504177
1.985712	1.507043
1.992855	1.367205
1.999998	1.454485
2.007141	1.425179
2.014284	1.284067
2.021427	1.361790
2.028569	1.371028
2.035712	1.520422
2.042855	1.445566
2.049998	1.471049
2.057141	1.429002
2.064284	1.417853
2.071426	1.392370
2.078569	1.504495
2.085712	1.388229
2.092855	1.352234
2.099998	1.633503
2.107141	1.457033
2.114284	1.436647
2.121426	1.368479
2.128569	1.615028
2.135712	1.464359
2.142855	1.442380
2.149998	1.346182
2.157141	1.414986
2.164284	1.438239
2.171426	1.440150
2.178569	1.593367
2.185712	1.321654
2.192855	1.411482
2.199998	1.580626
2.207141	1.467545
2.214284	1.584448
2.221426	1.283430
2.228569	1.620443
2.235712	1.618213
2.242855	1.489842
2.249998	1.567247
2.257141	1.543994
2.264283	1.380902
2.271426	1.398103
2.278569	1.302542
2.285712	1.574892
2.292855	1.526474
2.299998	1.367842
2.307141	1.618532
2.314283	1.522015
2.321426	1.577122
2.328569	1.562788
2.335712	1.669498
2.342855	1.435054
2.349998	1.601012
2.357140	1.438558
2.364283	1.456714
2.371426	1.621080
2.378569	1.673957
2.385712	1.462448
2.392855	1.489524
2.399998	1.629681
2.407140	1.355101
2.414283	1.447158
2.421426	1.601649
2.428569	1.672683
2.435712	1.437921
2.442855	1.434098
2.449998	1.613754
2.457140	1.343315
2.464283	1.644652
2.471426	1.386955
2.478569	1.527111
2.485712	1.367205
2.492855	1.532208
2.499998	1.409889
2.507140	1.322610
2.514283	1.636051
2.521426	1.546224
2.528569	1.466589
2.535712	1.328344
2.542855	1.545268
2.549997	1.359242
2.557140	1.463085
2.564283	1.494302
2.571426	1.423905
2.578569	1.608339
2.585712	1.331211
2.592855	1.581581
2.599997	1.549728
2.607140	1.557372
2.614283	1.484427
2.621426	1.507999
2.628569	1.526474
2.635712	1.610250
2.642854	1.622991
2.649997	1.668542
2.657140	1.515325
2.664283	1.582856
2.671426	1.499399
2.678569	1.456714
2.685712	1.527430
2.692854	1.399378
2.699997	1.365294
2.707140	1.447158
2.714283	1.638281
2.721426	1.454803
2.728569	1.329618
2.735712	1.409889
2.742854	1.450025
2.749997	1.484746
2.757140	1.471367
2.764283	1.439513
2.771426	1.314009
2.778569	1.571707
2.785712	1.570433
2.792854	1.391414
2.799997	1.651341
2.807140	1.512459
2.814283	1.395874
2.821426	1.378036
2.828569	1.543357
2.835711	1.401607
2.842854	1.496213
2.849997	1.295534
2.857140	1.616621
2.864283	1.475508
2.871426	1.426453
2.878569	1.312098
2.885711	1.386636
2.892854	1.571070
2.899997	1.480605
2.907140	1.441425
2.914283	1.407023
2.921426	1.498761
2.928568	1.312098
2.935711	1.493983
2.942854	1.465315
2.949997	1.486339
2.957140	1.474553
2.964283	1.553231
2.971426	1.418171
2.978568	1.610250
2.985711	1.466908
2.992854	1.486020
2.999997	1.440469
3.007140	1.522333
3.014283	1.418171
3.021426	1.497169
3.028568	1.399696
3.035711	1.368161
3.042854	1.518192
3.049997	1.517237
3.057140	1.409252
3.064283	1.413393
3.071426	1.415305
3.078568	1.418490
3.085711	1.528067
3.092854	1.332166
3.099997	1.610250
3.107140	1.505451
3.114283	1.693388
3.121425	1.308913
3.128568	1.492072
3.135711	1.509592
3.142854	1.683832
3.149997	1.412438
3.157140	1.412438
3.164283	1.289801
3.171425	1.557691
3.178568	1.403200
3.185711	1.337581
3.192854	1.605790
3.199997	1.401607
3.207140	1.443654
3.214282	1.479331
3.221425	1.578715
3.228568	1.470093
3.235711	1.490798
3.242854	1.337900
3.249997	1.392688
3.257140	1.549090
3.264282	1.499080
3.271425	1.405748
3.278568	1.463404
3.285711	1.390140
3.292854	1.470412
3.299997	1.579352
3.307140	1.347774
3.314282	1.447158
3.321425	1.381540
3.328568	1.648793
3.335711	1.293304
3.342854	1.431869
3.349997	1.456077
3.357140	1.276741
3.364282	1.631910
3.371425	1.611205
3.378568	1.397466
3.385711	1.573618
3.392854	1.626495
3.399997	1.442380
3.407139	1.573618
3.414282	1.484746
3.421425	1.547179
3.428568	1.401607
3.435711	1.422631
3.442854	1.455122
3.449997	1.590182
3.457139	1.593367
3.464282	1.403837
3.471425	1.351597
3.478568	1.365931
3.485711	1.326751
3.492854	1.549409
3.499996	1.480923
3.507139	1.442699
3.514282	1.497487
3.521425	1.391733
3.528568	1.501947
3.535711	1.474234
3.542854	1.325477
3.549996	1.361153
3.557139	1.302861
3.564282	1.497169
3.571425	1.300312
3.578568	1.531889
3.585711	1.355419
3.592854	1.528386
3.599996	1.427728
3.607139	1.607064
3.614282	1.499080
3.621425	1.638600
3.628568	1.531252
3.635711	1.325795
3.642854	1.379310
3.649996	1.507362
3.657139	1.357649
3.664282	1.484746
3.671425	1.509592
3.678568	1.479331
3.685711	1.537305
3.692853	1.423905
3.699996	1.568521
3.707139	1.487931
3.714282	1.390140
3.721425	1.369754
3.728568	1.528386
3.735711	1.445566
3.742853	1.591775
3.749996	1.429320
3.757139	1.645608
3.764282	1.543675
3.771425	1.630955
3.778568	1.375169
3.785710	1.497169
3.792853	1.557372
3.799996	1.462767
3.807139	1.391733
3.814282	1.522652
3.821425	1.552913
3.828568	1.415623
3.835710	1.414349
3.842853	1.407660
3.849996	1.447477
3.857139	1.392688
3.864282	1.559921
3.871425	1.597508
3.878568	1.475827
3.885710	1.377717
3.892853	1.508955
3.899996	1.302861
3.907139	1.456714
3.914282	1.646882
3.921425	1.582537
3.928568	1.477419
3.935710	1.439513
3.942853	1.339174
3.949996	1.522015
3.957139	1.410208
3.964282	1.375169
3.971425	1.550683
3.978567	1.377717
3.985710	1.528067
3.992853	1.553869
3.999996	1.426135
4.007139	1.543357
4.014282	1.577759
4.021425	1.575211
4.028567	1.292667
4.035710	1.428365
4.042853	1.360516
4.049996	1.312417
4.057139	1.494939
4.064282	1.568840
4.071424	1.328981
4.078567	1.445884
4.085710	1.390459
4.092853	1.465634
4.099996	1.517874
4.107139	1.471049
4.114282	1.572025
4.121424	1.540171
4.128567	1.536030
4.135710	1.665357
4.142853	1.439832
4.149996	1.618850
4.157139	1.479968
4.164282	1.303498
4.171424	1.655482
4.178567	1.604516
4.185710	1.356694
4.192853	1.516600
4.199996	1.561832
4.207139	1.410208
4.214282	1.492072
4.221424	1.426453
4.228567	1.630955
4.235710	1.405748
4.242853	1.508318
4.249996	1.495895
4.257139	1.584448
4.264281	1.409252
4.271424	1.560239
4.278567	1.571388
4.285710	1.607383
4.292853	1.510229
4.299996	1.425816
4.307139	1.409889
4.314281	1.545587
4.321424	1.527430
4.328567	1.673320
4.335710	1.577759
4.342853	1.549728
4.349996	1.440469
4.357139	1.375806
4.364281	1.548772
4.371424	1.593686
4.378567	1.593049
4.385710	1.613117
4.392853	1.566292
4.399996	1.374850
4.407138	1.476782
4.414281	1.413393
4.421424	1.573299
4.428567	1.528386
4.435710	1.366250
4.442853	1.558010
4.449996	1.593049
4.457138	1.377399
4.464281	1.374213
4.471424	1.513733
4.478567	1.375487
4.485710	1.464041
4.492853	1.395874
4.499995	1.329936
4.507138	1.558010
4.514281	1.490480
4.521424	1.441425
4.528567	1.429957
4.535710	1.542401
4.542853	1.450662
4.549995	1.425179
4.557138	1.369754
4.564281	1.470093
4.571424	1.577440
4.578567	1.342678
4.585710	1.516600
4.592853	1.482516
4.599995	1.500354
4.607138	1.420083
4.614281	1.612480
4.621424	1.460218
4.628567	1.547816
4.635710	1.485383
4.642853	1.386636
4.649995	1.626495
4.657138	1.404156
4.664281	1.520422
4.671424	1.337263
4.678567	1.477101
4.685710	1.556735
4.692852	1.537623
4.699995	1.406704
4.707138	1.392051
4.714281	1.493028
4.721424	1.462130
4.728567	1.499080
4.735710	1.405430
4.742852	1.384406
4.749995	1.594960
4.757138	1.517555
4.764281	1.505769
4.771424	1.386636
4.778567	1.387910
4.785710	1.483790
4.792852	1.533482
4.799995	1.511822
4.807138	1.440788
4.814281	1.419127
4.821424	1.632866
4.828567	1.409571
4.835709	1.550683
4.842852	1.544631
4.849995	1.335670
4.857138	1.516918
4.864281	1.385362
4.871424	1.563106
4.878567	1.288208
4.885709	1.267184
4.892852	1.454166
4.899995	1.561832
4.907138	1.375806
4.914281	1.629044
4.921424	1.503858
4.928566	1.364657
4.935709	1.547179
4.942852	1.440788
4.949995	1.505132
4.957138	1.538579
4.964281	1.508955
4.971424	1.337581
4.978566	1.570751
4.985709	1.583811
4.992852	1.553869

