LabVIEW Measurement	
Writer_Version	2
Reader_Version	2
Separator	Tab
Decimal_Separator	.
Multi_Headings	Yes
X_Columns	One
Time_Pref	Absolute
Operator	labuser
Date	2023/05/22
Time	15:57:06.1168928499999431277
***End_of_Header***	
	
Channels	1	
Samples	700	
Date	2023/05/22	
Time	15:57:06.1168928499999431277	
Y_Unit_Label	Volts	
X_Dimension	Time	
X0	0.0000000000000000E+0	
Delta_X	0.007143	
***End_of_Header***		
X_Value	Voltage	Comment
0.000000	1.677461
0.007143	1.699440
0.014286	1.680010
0.021429	1.676187
0.028571	1.644015
0.035714	1.623947
0.042857	1.662171
0.050000	1.694981
0.057143	1.653889
0.064286	1.660579
0.071429	1.674594
0.078571	1.662809
0.085714	1.691158
0.092857	1.637326
0.100000	1.680010
0.107143	1.692433
0.114286	1.652615
0.121428	1.670772
0.128571	1.616302
0.135714	1.693070
0.142857	1.556417
0.150000	1.586997
0.157143	1.688929
0.164286	1.667587
0.171428	1.586678
0.178571	1.571388
0.185714	1.561832
0.192857	1.612161
0.200000	1.582856
0.207143	1.468819
0.214285	1.691158
0.221428	1.671728
0.228571	1.660579
0.235714	1.722694
0.242857	1.668224
0.250000	1.601968
0.257143	1.579989
0.264285	1.683832
0.271428	1.676506
0.278571	1.622036
0.285714	1.691158
0.292857	1.599738
0.300000	1.666312
0.307143	1.667587
0.314285	1.668224
0.321428	1.618213
0.328571	1.656438
0.335714	1.681602
0.342857	1.677780
0.350000	1.623310
0.357143	1.672046
0.364285	1.685106
0.371428	1.627769
0.378571	1.665675
0.385714	1.665994
0.392857	1.699440
0.400000	1.656438
0.407142	1.692433
0.414285	1.662171
0.421428	1.669498
0.428571	1.657712
0.435714	1.664083
0.442857	1.622354
0.450000	1.657393
0.457142	1.559921
0.464285	1.672365
0.471428	1.583811
0.478571	1.632547
0.485714	1.667587
0.492857	1.676187
0.499999	1.665038
0.507142	1.616621
0.514285	1.647200
0.521428	1.641467
0.528571	1.662490
0.535714	1.723331
0.542857	1.668542
0.549999	1.669498
0.557142	1.656438
0.564285	1.653571
0.571428	1.689884
0.578571	1.651023
0.585714	1.676506
0.592857	1.689566
0.599999	1.675869
0.607142	1.690203
0.614285	1.601649
0.621428	1.645289
0.628571	1.668861
0.635714	1.675550
0.642857	1.699122
0.649999	1.641148
0.657142	1.594641
0.664285	1.654208
0.671428	1.659942
0.678571	1.695618
0.685714	1.688929
0.692856	1.661534
0.699999	1.669816
0.707142	1.617576
0.714285	1.631273
0.721428	1.638918
0.728571	1.667905
0.735714	1.551639
0.742856	1.667268
0.749999	1.622036
0.757142	1.680965
0.764285	1.677780
0.771428	1.660579
0.778571	1.649430
0.785713	1.644333
0.792856	1.666631
0.799999	1.674594
0.807142	1.629362
0.814285	1.664083
0.821428	1.604835
0.828571	1.653889
0.835713	1.622991
0.842856	1.577122
0.849999	1.677780
0.857142	1.674276
0.864285	1.594960
0.871428	1.609613
0.878571	1.657393
0.885713	1.620443
0.892856	1.608976
0.899999	1.666950
0.907142	1.609294
0.914285	1.644970
0.921428	1.682239
0.928570	1.651341
0.935713	1.649111
0.942856	1.681284
0.949999	1.681284
0.957142	1.595279
0.964285	1.649430
0.971428	1.487931
0.978570	1.679373
0.985713	1.666631
0.992856	1.661853
0.999999	1.606109
1.007142	1.692751
1.014285	1.625221
1.021428	1.659623
1.028570	1.665038
1.035713	1.640511
1.042856	1.597827
1.049999	1.667587
1.057142	1.668861
1.064285	1.664720
1.071427	1.654527
1.078570	1.674594
1.085713	1.658349
1.092856	1.672683
1.099999	1.549409
1.107142	1.644333
1.114285	1.615983
1.121427	1.660260
1.128570	1.589863
1.135713	1.558647
1.142856	1.615983
1.149999	1.649749
1.157142	1.644333
1.164285	1.516281
1.171427	1.675232
1.178570	1.630636
1.185713	1.480605
1.192856	1.705174
1.199999	1.643059
1.207142	1.640829
1.214284	1.645608
1.221427	1.652615
1.228570	1.694344
1.235713	1.693070
1.242856	1.670772
1.249999	1.679054
1.257142	1.663764
1.264284	1.658030
1.271427	1.601649
1.278570	1.697529
1.285713	1.688929
1.292856	1.637007
1.299999	1.687336
1.307142	1.657712
1.314284	1.665357
1.321427	1.526156
1.328570	1.656438
1.335713	1.659305
1.342856	1.624903
1.349999	1.670135
1.357141	1.673639
1.364284	1.711226
1.371427	1.694025
1.378570	1.678098
1.385713	1.650704
1.392856	1.601012
1.399999	1.665675
1.407141	1.595279
1.414284	1.633185
1.421427	1.699759
1.428570	1.659623
1.435713	1.651341
1.442856	1.638600
1.449999	1.674913
1.457141	1.662809
1.464284	1.697529
1.471427	1.685106
1.478570	1.656756
1.485713	1.661216
1.492856	1.675232
1.499999	1.696255
1.507141	1.655164
1.514284	1.684469
1.521427	1.648474
1.528570	1.685425
1.535713	1.675232
1.542856	1.661534
1.549998	1.659305
1.557141	1.672683
1.564284	1.625221
1.571427	1.606109
1.578570	1.647519
1.585713	1.664401
1.592856	1.635096
1.599998	1.656756
1.607141	1.632547
1.614284	1.652297
1.621427	1.641467
1.628570	1.677143
1.635713	1.666950
1.642856	1.679373
1.649998	1.686380
1.657141	1.686062
1.664284	1.672046
1.671427	1.680647
1.678570	1.667905
1.685713	1.676506
1.692855	1.652615
1.699998	1.615665
1.707141	1.695937
1.714284	1.631273
1.721427	1.649430
1.728570	1.691477
1.735713	1.639237
1.742855	1.629362
1.749998	1.691158
1.757141	1.515963
1.764284	1.697848
1.771427	1.654845
1.778570	1.645608
1.785713	1.608020
1.792855	1.678735
1.799998	1.672365
1.807141	1.621717
1.814284	1.580944
1.821427	1.647837
1.828570	1.689884
1.835712	1.673639
1.842855	1.690840
1.849998	1.630955
1.857141	1.633822
1.864284	1.674913
1.871427	1.680965
1.878570	1.666950
1.885712	1.566292
1.892855	1.551320
1.899998	1.699759
1.907141	1.694344
1.914284	1.684151
1.921427	1.529023
1.928570	1.680647
1.935712	1.635414
1.942855	1.555780
1.949998	1.683832
1.957141	1.667587
1.964284	1.574255
1.971427	1.687655
1.978569	1.666312
1.985712	1.651978
1.992855	1.589226
1.999998	1.691796
2.007141	1.643696
2.014284	1.696574
2.021427	1.558965
2.028569	1.699122
2.035712	1.657393
2.042855	1.671728
2.049998	1.560876
2.057141	1.640511
2.064284	1.676187
2.071426	1.671409
2.078569	1.677461
2.085712	1.694025
2.092855	1.659623
2.099998	1.627451
2.107141	1.696255
2.114284	1.701033
2.121426	1.680965
2.128569	1.675232
2.135712	1.664720
2.142855	1.604516
2.149998	1.594323
2.157141	1.646245
2.164284	1.700396
2.171426	1.604835
2.178569	1.703581
2.185712	1.559284
2.192855	1.676824
2.199998	1.586997
2.207141	1.690203
2.214284	1.658668
2.221426	1.702626
2.228569	1.690521
2.235712	1.693707
2.242855	1.617258
2.249998	1.664720
2.257141	1.565017
2.264283	1.649430
2.271426	1.720464
2.278569	1.548772
2.285712	1.661534
2.292855	1.499080
2.299998	1.681602
2.307141	1.684788
2.314283	1.640192
2.321426	1.661534
2.328569	1.674276
2.335712	1.594960
2.342855	1.659623
2.349998	1.622354
2.357140	1.526474
2.364283	1.661216
2.371426	1.637963
2.378569	1.705811
2.385712	1.628725
2.392855	1.636051
2.399998	1.664720
2.407140	1.644015
2.414283	1.682239
2.421426	1.672365
2.428569	1.653252
2.435712	1.586997
2.442855	1.647200
2.449998	1.637963
2.457140	1.691158
2.464283	1.619169
2.471426	1.621717
2.478569	1.540171
2.485712	1.658349
2.492855	1.606427
2.499998	1.594004
2.507140	1.691158
2.514283	1.629044
2.521426	1.611842
2.528569	1.693070
2.535712	1.630636
2.542855	1.674594
2.549997	1.679691
2.557140	1.676506
2.564283	1.583174
2.571426	1.649749
2.578569	1.697848
2.585712	1.623947
2.592855	1.679373
2.599997	1.440788
2.607140	1.679054
2.614283	1.644970
2.621426	1.643059
2.628569	1.677143
2.635712	1.617258
2.642854	1.694025
2.649997	1.651978
2.657140	1.685743
2.664283	1.686699
2.671426	1.411801
2.678569	1.647837
2.685712	1.650386
2.692854	1.676187
2.699997	1.622354
2.707140	1.637963
2.714283	1.565973
2.721426	1.594323
2.728569	1.705174
2.735712	1.467545
2.742854	1.668542
2.749997	1.569477
2.757140	1.620124
2.764283	1.621717
2.771426	1.648156
2.778569	1.643059
2.785712	1.685425
2.792854	1.616939
2.799997	1.553550
2.807140	1.638600
2.814283	1.545587
2.821426	1.672365
2.828569	1.676506
2.835711	1.656756
2.842854	1.624265
2.849997	1.614072
2.857140	1.639874
2.864283	1.670772
2.871426	1.678417
2.878569	1.645289
2.885711	1.650704
2.892854	1.677143
2.899997	1.661216
2.907140	1.716323
2.914283	1.633822
2.921426	1.635414
2.928568	1.677143
2.935711	1.536668
2.942854	1.694981
2.949997	1.565973
2.957140	1.619806
2.964283	1.663127
2.971426	1.609931
2.978568	1.672046
2.985711	1.695618
2.992854	1.669816
2.999997	1.642741
3.007140	1.701989
3.014283	1.608339
3.021426	1.565973
3.028568	1.636051
3.035711	1.627132
3.042854	1.644333
3.049997	1.651660
3.057140	1.638918
3.064283	1.646245
3.071426	1.677461
3.078568	1.543994
3.085711	1.667268
3.092854	1.651660
3.099997	1.715367
3.107140	1.658349
3.114283	1.546861
3.121425	1.667268
3.128568	1.515963
3.135711	1.565654
3.142854	1.642422
3.149997	1.694662
3.157140	1.665675
3.164283	1.716323
3.171425	1.682876
3.178568	1.650067
3.185711	1.586678
3.192854	1.589545
3.199997	1.594960
3.207140	1.605472
3.214282	1.597190
3.221425	1.690840
3.228568	1.474553
3.235711	1.676824
3.242854	1.675869
3.249997	1.684469
3.257140	1.653571
3.264282	1.629681
3.271425	1.695618
3.278568	1.625858
3.285711	1.669816
3.292854	1.670135
3.299997	1.666631
3.307140	1.620762
3.314282	1.679054
3.321425	1.657075
3.328568	1.643059
3.335711	1.656119
3.342854	1.618213
3.349997	1.626177
3.357140	1.647200
3.364282	1.680010
3.371425	1.640511
3.378568	1.682239
3.385711	1.548772
3.392854	1.660897
3.399997	1.635414
3.407139	1.638281
3.414282	1.656756
3.421425	1.660897
3.428568	1.655164
3.435711	1.689247
3.442854	1.660579
3.449997	1.653252
3.457139	1.706448
3.464282	1.557372
3.471425	1.621399
3.478568	1.565017
3.485711	1.694025
3.492854	1.674276
3.499996	1.598145
3.507139	1.655164
3.514282	1.654208
3.521425	1.647200
3.528568	1.654845
3.535711	1.683832
3.542854	1.629681
3.549996	1.654208
3.557139	1.661216
3.564282	1.688610
3.571425	1.651660
3.578568	1.637963
3.585711	1.631910
3.592854	1.677780
3.599996	1.673320
3.607139	1.577440
3.614282	1.679691
3.621425	1.535393
3.628568	1.642741
3.635711	1.629044
3.642854	1.645926
3.649996	1.667587
3.657139	1.651660
3.664282	1.692433
3.671425	1.641467
3.678568	1.652615
3.685711	1.653252
3.692853	1.652615
3.699996	1.663764
3.707139	1.647837
3.714282	1.593367
3.721425	1.647837
3.728568	1.639874
3.735711	1.650386
3.742853	1.669179
3.749996	1.665038
3.757139	1.495258
3.764282	1.692433
3.771425	1.610887
3.778568	1.701033
3.785710	1.662490
3.792853	1.674594
3.799996	1.646563
3.807139	1.667587
3.814282	1.614391
3.821425	1.680647
3.828568	1.594323
3.835710	1.637007
3.842853	1.694662
3.849996	1.694025
3.857139	1.648156
3.864282	1.696574
3.871425	1.632866
3.878568	1.672683
3.885710	1.622036
3.892853	1.580944
3.899996	1.700715
3.907139	1.597508
3.914282	1.670135
3.921425	1.686062
3.928568	1.616939
3.935710	1.614391
3.942853	1.601968
3.949996	1.651341
3.957139	1.680647
3.964282	1.371028
3.971425	1.668542
3.978567	1.655164
3.985710	1.688610
3.992853	1.658349
3.999996	1.640829
4.007139	1.616939
4.014282	1.629681
4.021425	1.705174
4.028567	1.673639
4.035710	1.655801
4.042853	1.665038
4.049996	1.677780
4.057139	1.524882
4.064282	1.583811
4.071424	1.515963
4.078567	1.501947
4.085710	1.421675
4.092853	1.533482
4.099996	1.630318
4.107139	1.715367
4.114282	1.667587
4.121424	1.679054
4.128567	1.667905
4.135710	1.486020
4.142853	1.634777
4.149996	1.644970
4.157139	1.628406
4.164282	1.650704
4.171424	1.651660
4.178567	1.637007
4.185710	1.663446
4.192853	1.657393
4.199996	1.650704
4.207139	1.676187
4.214282	1.682558
4.221424	1.665357
4.228567	1.650386
4.235710	1.653889
4.242853	1.685743
4.249996	1.615665
4.257139	1.665675
4.264281	1.681921
4.271424	1.641467
4.278567	1.604198
4.285710	1.644652
4.292853	1.569158
4.299996	1.675869
4.307139	1.633503
4.314281	1.661853
4.321424	1.619169
4.328567	1.687973
4.335710	1.659623
4.342853	1.697529
4.349996	1.707722
4.357139	1.673639
4.364281	1.685743
4.371424	1.669498
4.378567	1.671728
4.385710	1.641467
4.392853	1.653571
4.399996	1.696574
4.407138	1.642104
4.414281	1.674594
4.421424	1.549090
4.428567	1.687017
4.435710	1.672683
4.442853	1.565336
4.449996	1.677780
4.457138	1.656756
4.464281	1.688929
4.471424	1.613117
4.478567	1.662171
4.485710	1.690203
4.492853	1.612798
4.499995	1.608976
4.507138	1.671091
4.514281	1.631273
4.521424	1.696892
4.528567	1.644333
4.535710	1.655164
4.542853	1.647200
4.549995	1.642741
4.557138	1.590819
4.564281	1.689566
4.571424	1.670772
4.578567	1.548772
4.585710	1.609294
4.592853	1.693070
4.599995	1.673639
4.607138	1.644652
4.614281	1.600057
4.621424	1.499399
4.628567	1.636370
4.635710	1.592412
4.642853	1.681921
4.649995	1.605153
4.657138	1.434417
4.664281	1.651978
4.671424	1.674913
4.678567	1.707404
4.685710	1.684469
4.692852	1.562151
4.699995	1.688292
4.707138	1.696892
4.714281	1.655801
4.721424	1.677780
4.728567	1.671409
4.735710	1.617258
4.742852	1.587952
4.749995	1.672683
4.757138	1.665675
4.764281	1.645608
4.771424	1.671728
4.778567	1.678417
4.785710	1.675232
4.792852	1.678735
4.799995	1.629362
4.807138	1.674276
4.814281	1.529660
4.821424	1.425179
4.828567	1.603242
4.835709	1.657393
4.842852	1.712819
4.849995	1.674594
4.857138	1.538260
4.864281	1.653571
4.871424	1.655801
4.878567	1.694662
4.885709	1.620762
4.892852	1.689884
4.899995	1.651341
4.907138	1.612798
4.914281	1.622036
4.921424	1.678735
4.928566	1.677143
4.935709	1.681602
4.942852	1.664083
4.949995	1.658668
4.957138	1.674594
4.964281	1.673957
4.971424	1.677461
4.978566	1.668542
4.985709	1.666631
4.992852	1.677461

