LabVIEW Measurement	
Writer_Version	2
Reader_Version	2
Separator	Tab
Decimal_Separator	.
Multi_Headings	Yes
X_Columns	One
Time_Pref	Absolute
Operator	labuser
Date	2023/05/22
Time	15:48:21.942859649999515447
***End_of_Header***	
	
Channels	1	
Samples	700	
Date	2023/05/22	
Time	15:48:21.942859649999515447	
Y_Unit_Label	Volts	
X_Dimension	Time	
X0	0.0000000000000000E+0	
Delta_X	0.007143	
***End_of_Header***		
X_Value	Voltage	Comment
0.000000	1.643059
0.007143	1.643378
0.014286	1.642422
0.021429	1.643696
0.028571	1.642422
0.035714	1.642422
0.042857	1.643696
0.050000	1.642741
0.057143	1.643059
0.064286	1.644333
0.071429	1.640511
0.078571	1.645608
0.085714	1.641467
0.092857	1.643696
0.100000	1.642741
0.107143	1.642741
0.114286	1.643378
0.121428	1.641785
0.128571	1.644333
0.135714	1.643059
0.142857	1.642104
0.150000	1.643378
0.157143	1.643059
0.164286	1.640829
0.171428	1.645608
0.178571	1.640829
0.185714	1.644652
0.192857	1.643059
0.200000	1.643059
0.207143	1.644652
0.214285	1.642741
0.221428	1.643378
0.228571	1.642741
0.235714	1.642104
0.242857	1.643059
0.250000	1.642741
0.257143	1.641467
0.264285	1.645608
0.271428	1.640192
0.278571	1.644333
0.285714	1.642741
0.292857	1.642741
0.300000	1.644333
0.307143	1.641785
0.314285	1.644333
0.321428	1.642104
0.328571	1.642422
0.335714	1.642741
0.342857	1.642422
0.350000	1.643059
0.357143	1.644652
0.364285	1.640511
0.371428	1.646245
0.378571	1.641467
0.385714	1.644333
0.392857	1.643696
0.400000	1.642104
0.407142	1.642741
0.414285	1.641467
0.421428	1.642422
0.428571	1.643378
0.435714	1.643059
0.442857	1.643059
0.450000	1.642104
0.457142	1.641785
0.464285	1.644652
0.471428	1.640192
0.478571	1.644652
0.485714	1.642422
0.492857	1.642104
0.499999	1.643696
0.507142	1.642741
0.514285	1.643378
0.521428	1.642104
0.528571	1.642104
0.535714	1.642422
0.542857	1.641785
0.549999	1.642741
0.557142	1.644652
0.564285	1.639874
0.571428	1.644652
0.578571	1.641785
0.585714	1.644015
0.592857	1.643059
0.599999	1.642104
0.607142	1.644015
0.614285	1.642422
0.621428	1.642422
0.628571	1.642741
0.635714	1.642422
0.642857	1.641148
0.649999	1.644970
0.657142	1.640192
0.664285	1.645289
0.671428	1.642741
0.678571	1.642422
0.685714	1.644333
0.692856	1.643059
0.699999	1.642422
0.707142	1.644015
0.714285	1.642422
0.721428	1.642422
0.728571	1.644970
0.735714	1.639874
0.742856	1.644970
0.749999	1.641785
0.757142	1.644333
0.764285	1.643378
0.771428	1.643378
0.778571	1.644652
0.785713	1.643059
0.792856	1.643696
0.799999	1.643059
0.807142	1.643059
0.814285	1.644652
0.821428	1.644015
0.828571	1.643378
0.835713	1.645289
0.842856	1.641148
0.849999	1.646245
0.857142	1.640511
0.864285	1.645289
0.871428	1.642422
0.878571	1.643059
0.885713	1.643378
0.892856	1.642741
0.899999	1.644970
0.907142	1.642741
0.914285	1.643696
0.921428	1.643696
0.928570	1.643696
0.935713	1.644970
0.942856	1.644333
0.949999	1.642741
0.957142	1.644970
0.964285	1.640511
0.971428	1.645289
0.978570	1.643059
0.985713	1.643378
0.992856	1.644015
0.999999	1.641785
1.007142	1.643059
1.014285	1.643059
1.021428	1.641785
1.028570	1.644333
1.035713	1.643378
1.042856	1.641785
1.049999	1.646245
1.057142	1.640192
1.064285	1.644970
1.071427	1.642741
1.078570	1.644015
1.085713	1.644652
1.092856	1.643696
1.099999	1.645289
1.107142	1.643378
1.114285	1.643696
1.121427	1.644333
1.128570	1.642422
1.135713	1.643378
1.142856	1.643696
1.149999	1.641785
1.157142	1.646245
1.164285	1.640829
1.171427	1.644015
1.178570	1.642422
1.185713	1.642741
1.192856	1.644333
1.199999	1.642422
1.207142	1.644015
1.214284	1.644015
1.221427	1.643378
1.228570	1.644970
1.235713	1.642422
1.242856	1.642104
1.249999	1.645289
1.257142	1.639874
1.264284	1.645608
1.271427	1.641467
1.278570	1.643696
1.285713	1.643059
1.292856	1.642104
1.299999	1.644333
1.307142	1.642741
1.314284	1.642741
1.321427	1.643378
1.328570	1.642741
1.335713	1.643696
1.342856	1.642741
1.349999	1.641785
1.357141	1.645608
1.364284	1.639874
1.371427	1.646245
1.378570	1.643059
1.385713	1.644970
1.392856	1.644652
1.399999	1.642741
1.407141	1.645289
1.414284	1.642422
1.421427	1.643059
1.428570	1.642422
1.435713	1.643059
1.442856	1.643059
1.449999	1.644652
1.457141	1.640511
1.464284	1.645926
1.471427	1.642741
1.478570	1.643378
1.485713	1.643378
1.492856	1.642104
1.499999	1.643378
1.507141	1.643059
1.514284	1.643059
1.521427	1.644015
1.528570	1.643059
1.535713	1.643378
1.542856	1.645926
1.549998	1.640829
1.557141	1.645926
1.564284	1.641785
1.571427	1.643378
1.578570	1.642741
1.585713	1.642104
1.592856	1.644652
1.599998	1.644015
1.607141	1.643696
1.614284	1.644333
1.621427	1.644333
1.628570	1.640511
1.635713	1.646563
1.642856	1.641467
1.649998	1.645289
1.657141	1.643059
1.664284	1.643378
1.671427	1.643378
1.678570	1.642741
1.685713	1.643378
1.692855	1.641785
1.699998	1.643378
1.707141	1.643378
1.714284	1.643378
1.721427	1.643696
1.728570	1.644333
1.735713	1.641467
1.742855	1.645289
1.749998	1.639555
1.757141	1.644970
1.764284	1.640829
1.771427	1.641785
1.778570	1.642741
1.785713	1.641785
1.792855	1.644015
1.799998	1.641785
1.807141	1.643696
1.814284	1.642422
1.821427	1.642422
1.828570	1.642422
1.835712	1.641467
1.842855	1.641467
1.849998	1.644970
1.857141	1.640511
1.864284	1.645608
1.871427	1.639874
1.878570	1.642741
1.885712	1.642104
1.892855	1.641467
1.899998	1.643059
1.907141	1.640829
1.914284	1.643696
1.921427	1.641785
1.928570	1.642104
1.935712	1.642741
1.942855	1.641785
1.949998	1.642422
1.957141	1.643378
1.964284	1.640192
1.971427	1.644333
1.978569	1.641785
1.985712	1.641467
1.992855	1.643378
1.999998	1.640192
2.007141	1.643696
2.014284	1.642422
2.021427	1.642422
2.028569	1.643696
2.035712	1.643059
2.042855	1.643378
2.049998	1.644015
2.057141	1.641148
2.064284	1.646245
2.071426	1.641148
2.078569	1.643696
2.085712	1.642741
2.092855	1.643378
2.099998	1.644652
2.107141	1.642741
2.114284	1.644652
2.121426	1.643378
2.128569	1.643378
2.135712	1.643378
2.142855	1.643059
2.149998	1.644652
2.157141	1.643059
2.164284	1.643696
2.171426	1.646245
2.178569	1.641785
2.185712	1.646245
2.192855	1.642422
2.199998	1.643378
2.207141	1.643696
2.214284	1.642741
2.221426	1.643378
2.228569	1.642104
2.235712	1.644333
2.242855	1.643696
2.249998	1.643696
2.257141	1.643059
2.264283	1.645926
2.271426	1.640829
2.278569	1.646563
2.285712	1.642741
2.292855	1.644333
2.299998	1.644333
2.307141	1.643378
2.314283	1.643696
2.321426	1.642741
2.328569	1.642741
2.335712	1.643378
2.342855	1.642741
2.349998	1.645608
2.357140	1.643378
2.364283	1.642422
2.371426	1.645608
2.378569	1.640192
2.385712	1.644970
2.392855	1.642741
2.399998	1.644015
2.407140	1.643378
2.414283	1.644015
2.421426	1.644333
2.428569	1.642422
2.435712	1.644970
2.442855	1.644015
2.449998	1.643696
2.457140	1.644333
2.464283	1.643059
2.471426	1.641785
2.478569	1.645608
2.485712	1.641148
2.492855	1.646563
2.499998	1.642422
2.507140	1.645608
2.514283	1.644652
2.521426	1.644970
2.528569	1.644652
2.535712	1.643059
2.542855	1.644652
2.549997	1.642741
2.557140	1.644333
2.564283	1.644652
2.571426	1.643378
2.578569	1.644015
2.585712	1.644333
2.592855	1.643059
2.599997	1.645608
2.607140	1.641467
2.614283	1.647519
2.621426	1.641467
2.628569	1.645926
2.635712	1.643059
2.642854	1.644015
2.649997	1.644333
2.657140	1.642741
2.664283	1.645608
2.671426	1.643059
2.678569	1.645289
2.685712	1.644652
2.692854	1.644015
2.699997	1.645608
2.707140	1.644970
2.714283	1.643378
2.721426	1.647200
2.728569	1.642104
2.735712	1.646882
2.742854	1.643378
2.749997	1.644333
2.757140	1.643696
2.764283	1.642741
2.771426	1.644015
2.778569	1.643059
2.785712	1.643378
2.792854	1.644015
2.799997	1.642104
2.807140	1.644333
2.814283	1.644970
2.821426	1.643696
2.828569	1.647200
2.835711	1.642104
2.842854	1.645926
2.849997	1.641785
2.857140	1.644652
2.864283	1.643696
2.871426	1.644015
2.878569	1.644015
2.885711	1.642422
2.892854	1.645289
2.899997	1.643059
2.907140	1.644970
2.914283	1.644333
2.921426	1.643059
2.928568	1.644970
2.935711	1.644333
2.942854	1.642741
2.949997	1.646882
2.957140	1.641467
2.964283	1.646563
2.971426	1.642104
2.978568	1.644970
2.985711	1.643696
2.992854	1.644015
2.999997	1.644333
3.007140	1.643059
3.014283	1.645926
3.021426	1.643696
3.028568	1.645289
3.035711	1.643696
3.042854	1.644333
3.049997	1.644970
3.057140	1.643378
3.064283	1.644015
3.071426	1.644015
3.078568	1.642741
3.085711	1.645289
3.092854	1.640829
3.099997	1.646245
3.107140	1.640829
3.114283	1.644333
3.121425	1.643696
3.128568	1.643696
3.135711	1.644333
3.142854	1.642422
3.149997	1.645608
3.157140	1.643696
3.164283	1.644015
3.171425	1.644015
3.178568	1.642741
3.185711	1.643378
3.192854	1.642422
3.199997	1.641785
3.207140	1.644970
3.214282	1.641148
3.221425	1.646245
3.228568	1.641467
3.235711	1.644333
3.242854	1.644015
3.249997	1.644333
3.257140	1.643378
3.264282	1.642741
3.271425	1.644333
3.278568	1.641785
3.285711	1.643059
3.292854	1.642422
3.299997	1.643696
3.307140	1.643378
3.314282	1.642422
3.321425	1.643059
3.328568	1.643696
3.335711	1.642104
3.342854	1.645289
3.349997	1.640511
3.357140	1.645289
3.364282	1.642104
3.371425	1.644015
3.378568	1.643378
3.385711	1.643378
3.392854	1.643059
3.399997	1.642422
3.407139	1.643696
3.414282	1.641785
3.421425	1.643378
3.428568	1.641785
3.435711	1.642741
3.442854	1.644015
3.449997	1.643059
3.457139	1.643696
3.464282	1.643378
3.471425	1.641148
3.478568	1.645289
3.485711	1.639874
3.492854	1.644333
3.499996	1.642422
3.507139	1.642104
3.514282	1.643378
3.521425	1.642741
3.528568	1.644015
3.535711	1.643059
3.542854	1.644333
3.549996	1.642741
3.557139	1.642741
3.564282	1.642741
3.571425	1.642422
3.578568	1.642741
3.585711	1.644333
3.592854	1.641785
3.599996	1.645926
3.607139	1.641148
3.614282	1.646245
3.621425	1.641785
3.628568	1.645289
3.635711	1.643059
3.642854	1.643696
3.649996	1.643378
3.657139	1.642422
3.664282	1.644015
3.671425	1.641785
3.678568	1.643696
3.685711	1.642422
3.692853	1.643059
3.699996	1.644333
3.707139	1.643378
3.714282	1.643378
3.721425	1.645608
3.728568	1.641467
3.735711	1.645926
3.742853	1.642104
3.749996	1.644333
3.757139	1.642422
3.764282	1.642741
3.771425	1.644652
3.778568	1.642741
3.785710	1.645289
3.792853	1.643059
3.799996	1.644015
3.807139	1.644333
3.814282	1.643059
3.821425	1.644015
3.828568	1.644015
3.835710	1.641785
3.842853	1.645608
3.849996	1.640511
3.857139	1.646563
3.864282	1.641467
3.871425	1.645289
3.878568	1.643059
3.885710	1.644333
3.892853	1.643059
3.899996	1.643378
3.907139	1.644015
3.914282	1.642741
3.921425	1.644333
3.928568	1.641785
3.935710	1.644970
3.942853	1.642741
3.949996	1.643696
3.957139	1.643378
3.964282	1.641785
3.971425	1.643696
3.978567	1.643378
3.985710	1.641785
3.992853	1.646245
3.999996	1.640192
4.007139	1.647200
4.014282	1.640192
4.021425	1.644970
4.028567	1.643696
4.035710	1.644652
4.042853	1.643378
4.049996	1.641785
4.057139	1.644015
4.064282	1.641148
4.071424	1.643378
4.078567	1.643059
4.085710	1.643059
4.092853	1.644015
4.099996	1.643696
4.107139	1.642741
4.114282	1.644970
4.121424	1.640511
4.128567	1.645608
4.135710	1.641467
4.142853	1.643378
4.149996	1.642422
4.157139	1.641467
4.164282	1.644015
4.171424	1.642741
4.178567	1.644015
4.185710	1.642422
4.192853	1.642422
4.199996	1.643696
4.207139	1.642104
4.214282	1.642741
4.221424	1.644015
4.228567	1.640192
4.235710	1.644015
4.242853	1.640511
4.249996	1.643378
4.257139	1.643378
4.264281	1.642422
4.271424	1.643059
4.278567	1.642422
4.285710	1.643378
4.292853	1.642104
4.299996	1.642104
4.307139	1.642741
4.314281	1.642104
4.321424	1.642741
4.328567	1.643378
4.335710	1.641148
4.342853	1.646245
4.349996	1.640192
4.357139	1.643378
4.364281	1.642104
4.371424	1.642422
4.378567	1.643059
4.385710	1.641148
4.392853	1.642741
4.399996	1.641785
4.407138	1.642104
4.414281	1.643378
4.421424	1.642741
4.428567	1.643378
4.435710	1.643059
4.442853	1.641148
4.449996	1.644333
4.457138	1.639874
4.464281	1.644970
4.471424	1.640192
4.478567	1.643696
4.485710	1.641467
4.492853	1.642422
4.499995	1.642422
4.507138	1.642104
4.514281	1.643059
4.521424	1.641467
4.528567	1.642422
4.535710	1.642422
4.542853	1.641785
4.549995	1.643059
4.557138	1.641467
4.564281	1.641785
4.571424	1.644015
4.578567	1.640192
4.585710	1.645289
4.592853	1.639555
4.599995	1.644970
4.607138	1.642741
4.614281	1.642422
4.621424	1.643378
4.628567	1.641148
4.635710	1.643378
4.642853	1.642104
4.649995	1.643059
4.657138	1.641785
4.664281	1.641785
4.671424	1.642104
4.678567	1.642422
4.685710	1.642422
4.692852	1.643378
4.699995	1.640829
4.707138	1.644652
4.714281	1.640511
4.721424	1.644333
4.728567	1.643378
4.735710	1.643378
4.742852	1.643696
4.749995	1.642422
4.757138	1.643059
4.764281	1.641785
4.771424	1.641785
4.778567	1.642422
4.785710	1.641785
4.792852	1.642741
4.799995	1.644015
4.807138	1.640511
4.814281	1.645926
4.821424	1.641467
4.828567	1.644015
4.835709	1.643059
4.842852	1.642422
4.849995	1.643059
4.857138	1.642104
4.864281	1.642741
4.871424	1.642741
4.878567	1.642741
4.885709	1.643696
4.892852	1.644333
4.899995	1.640829
4.907138	1.645289
4.914281	1.640511
4.921424	1.643059
4.928566	1.643059
4.935709	1.642104
4.942852	1.643378
4.949995	1.641148
4.957138	1.642422
4.964281	1.643059
4.971424	1.642422
4.978566	1.644015
4.985709	1.642741
4.992852	1.642422

