LabVIEW Measurement	
Writer_Version	2
Reader_Version	2
Separator	Tab
Decimal_Separator	.
Multi_Headings	Yes
X_Columns	One
Time_Pref	Absolute
Operator	labuser
Date	2023/05/22
Time	16:00:49.7731772499996033075
***End_of_Header***	
	
Channels	1	
Samples	700	
Date	2023/05/22	
Time	16:00:49.7731772499996033075	
Y_Unit_Label	Volts	
X_Dimension	Time	
X0	0.0000000000000000E+0	
Delta_X	0.007143	
***End_of_Header***		
X_Value	Voltage	Comment
0.000000	1.679373
0.007143	1.693070
0.014286	1.662809
0.021429	1.681284
0.028571	1.684788
0.035714	1.686699
0.042857	1.677461
0.050000	1.661216
0.057143	1.680965
0.064286	1.675550
0.071429	1.680647
0.078571	1.672365
0.085714	1.691158
0.092857	1.664720
0.100000	1.688610
0.107143	1.670135
0.114286	1.701670
0.121428	1.650386
0.128571	1.682558
0.135714	1.656119
0.142857	1.681602
0.150000	1.683195
0.157143	1.665994
0.164286	1.688610
0.171428	1.677143
0.178571	1.695299
0.185714	1.663446
0.192857	1.698485
0.200000	1.655482
0.207143	1.687336
0.214285	1.687655
0.221428	1.659305
0.228571	1.672683
0.235714	1.678735
0.242857	1.662490
0.250000	1.687017
0.257143	1.680647
0.264285	1.665994
0.271428	1.690840
0.278571	1.668224
0.285714	1.672683
0.292857	1.683832
0.300000	1.682239
0.307143	1.694344
0.314285	1.672046
0.321428	1.691158
0.328571	1.681284
0.335714	1.684151
0.342857	1.680647
0.350000	1.680965
0.357143	1.687336
0.364285	1.680010
0.371428	1.678098
0.378571	1.686380
0.385714	1.693070
0.392857	1.670453
0.400000	1.665038
0.407142	1.682558
0.414285	1.682876
0.421428	1.685106
0.428571	1.688292
0.435714	1.672365
0.442857	1.676187
0.450000	1.663127
0.457142	1.688292
0.464285	1.661853
0.471428	1.681602
0.478571	1.681921
0.485714	1.676506
0.492857	1.691477
0.499999	1.687973
0.507142	1.667905
0.514285	1.675869
0.521428	1.682239
0.528571	1.667268
0.535714	1.679373
0.542857	1.683514
0.549999	1.686699
0.557142	1.671728
0.564285	1.667587
0.571428	1.689884
0.578571	1.689884
0.585714	1.680965
0.592857	1.690840
0.599999	1.675232
0.607142	1.668224
0.614285	1.674276
0.621428	1.661534
0.628571	1.678417
0.635714	1.688929
0.642857	1.670135
0.649999	1.670772
0.657142	1.657393
0.664285	1.690203
0.671428	1.672046
0.678571	1.670453
0.685714	1.696255
0.692856	1.684788
0.699999	1.672046
0.707142	1.693388
0.714285	1.652934
0.721428	1.691477
0.728571	1.678098
0.735714	1.674913
0.742856	1.681921
0.749999	1.688929
0.757142	1.666312
0.764285	1.691796
0.771428	1.686380
0.778571	1.678098
0.785713	1.665038
0.792856	1.682876
0.799999	1.681602
0.807142	1.680010
0.814285	1.668542
0.821428	1.687655
0.828571	1.659942
0.835713	1.681602
0.842856	1.673320
0.849999	1.690521
0.857142	1.679054
0.864285	1.668542
0.871428	1.701989
0.878571	1.672046
0.885713	1.700078
0.892856	1.669816
0.899999	1.691796
0.907142	1.676187
0.914285	1.683195
0.921428	1.671091
0.928570	1.676187
0.935713	1.690203
0.942856	1.684788
0.949999	1.686062
0.957142	1.696892
0.964285	1.684788
0.971428	1.677780
0.978570	1.676506
0.985713	1.686699
0.992856	1.654845
0.999999	1.699759
1.007142	1.673639
1.014285	1.680647
1.021428	1.673957
1.028570	1.679691
1.035713	1.671409
1.042856	1.674276
1.049999	1.678098
1.057142	1.667268
1.064285	1.675869
1.071427	1.690840
1.078570	1.680965
1.085713	1.676824
1.092856	1.665994
1.099999	1.695618
1.107142	1.684469
1.114285	1.683514
1.121427	1.696255
1.128570	1.670453
1.135713	1.686062
1.142856	1.677780
1.149999	1.662171
1.157142	1.667905
1.164285	1.682239
1.171427	1.671409
1.178570	1.681921
1.185713	1.680010
1.192856	1.678735
1.199999	1.670772
1.207142	1.674594
1.214284	1.692751
1.221427	1.667587
1.228570	1.691477
1.235713	1.674913
1.242856	1.690203
1.249999	1.670135
1.257142	1.686062
1.264284	1.660897
1.271427	1.692433
1.278570	1.656438
1.285713	1.684151
1.292856	1.683514
1.299999	1.689247
1.307142	1.686699
1.314284	1.681602
1.321427	1.683195
1.328570	1.674913
1.335713	1.686062
1.342856	1.667268
1.349999	1.683514
1.357141	1.683514
1.364284	1.669816
1.371427	1.675232
1.378570	1.656119
1.385713	1.679691
1.392856	1.677780
1.399999	1.676824
1.407141	1.691796
1.414284	1.687017
1.421427	1.688929
1.428570	1.682239
1.435713	1.691158
1.442856	1.672046
1.449999	1.682876
1.457141	1.691796
1.464284	1.677461
1.471427	1.675232
1.478570	1.678417
1.485713	1.687973
1.492856	1.690521
1.499999	1.675869
1.507141	1.683832
1.514284	1.686699
1.521427	1.676824
1.528570	1.688929
1.535713	1.681284
1.542856	1.662809
1.549998	1.686699
1.557141	1.680010
1.564284	1.681921
1.571427	1.685425
1.578570	1.692751
1.585713	1.678098
1.592856	1.682876
1.599998	1.679054
1.607141	1.688610
1.614284	1.679054
1.621427	1.685425
1.628570	1.655801
1.635713	1.689566
1.642856	1.681284
1.649998	1.688610
1.657141	1.681921
1.664284	1.662171
1.671427	1.683195
1.678570	1.687973
1.685713	1.659623
1.692855	1.676187
1.699998	1.675232
1.707141	1.677461
1.714284	1.674276
1.721427	1.681284
1.728570	1.690203
1.735713	1.687017
1.742855	1.663446
1.749998	1.703263
1.757141	1.663127
1.764284	1.681921
1.771427	1.657075
1.778570	1.675869
1.785713	1.676506
1.792855	1.668224
1.799998	1.674594
1.807141	1.679054
1.814284	1.686062
1.821427	1.682876
1.828570	1.678098
1.835712	1.691477
1.842855	1.670772
1.849998	1.687973
1.857141	1.671728
1.864284	1.682558
1.871427	1.667587
1.878570	1.687973
1.885712	1.674276
1.892855	1.673957
1.899998	1.667905
1.907141	1.689247
1.914284	1.654208
1.921427	1.692433
1.928570	1.675232
1.935712	1.649749
1.942855	1.682558
1.949998	1.667905
1.957141	1.675232
1.964284	1.676824
1.971427	1.687017
1.978569	1.680965
1.985712	1.671728
1.992855	1.687973
1.999998	1.673957
2.007141	1.687655
2.014284	1.671728
2.021427	1.682876
2.028569	1.672683
2.035712	1.673002
2.042855	1.681921
2.049998	1.696892
2.057141	1.664720
2.064284	1.680965
2.071426	1.689247
2.078569	1.658668
2.085712	1.691158
2.092855	1.664401
2.099998	1.688929
2.107141	1.670135
2.114284	1.675869
2.121426	1.687017
2.128569	1.682558
2.135712	1.684788
2.142855	1.669498
2.149998	1.657393
2.157141	1.690521
2.164284	1.668861
2.171426	1.695299
2.178569	1.661216
2.185712	1.687655
2.192855	1.682558
2.199998	1.680647
2.207141	1.680965
2.214284	1.668861
2.221426	1.702944
2.228569	1.679691
2.235712	1.674594
2.242855	1.674913
2.249998	1.692751
2.257141	1.653889
2.264283	1.692433
2.271426	1.685425
2.278569	1.672365
2.285712	1.708041
2.292855	1.660897
2.299998	1.683195
2.307141	1.688292
2.314283	1.674276
2.321426	1.694981
2.328569	1.657075
2.335712	1.696574
2.342855	1.674913
2.349998	1.672365
2.357140	1.677461
2.364283	1.692114
2.371426	1.663127
2.378569	1.687017
2.385712	1.682876
2.392855	1.693070
2.399998	1.680647
2.407140	1.691158
2.414283	1.675550
2.421426	1.685425
2.428569	1.682239
2.435712	1.670772
2.442855	1.699440
2.449998	1.674913
2.457140	1.691477
2.464283	1.686062
2.471426	1.679373
2.478569	1.688292
2.485712	1.674913
2.492855	1.672683
2.499998	1.685743
2.507140	1.685743
2.514283	1.677143
2.521426	1.677143
2.528569	1.674594
2.535712	1.700078
2.542855	1.688292
2.549997	1.681602
2.557140	1.689247
2.564283	1.663127
2.571426	1.694344
2.578569	1.681284
2.585712	1.683832
2.592855	1.677780
2.599997	1.694025
2.607140	1.672046
2.614283	1.678098
2.621426	1.662809
2.628569	1.671409
2.635712	1.689884
2.642854	1.677461
2.649997	1.688610
2.657140	1.678417
2.664283	1.686699
2.671426	1.673320
2.678569	1.672046
2.685712	1.692433
2.692854	1.672683
2.699997	1.684788
2.707140	1.682239
2.714283	1.648793
2.721426	1.703263
2.728569	1.652615
2.735712	1.694344
2.742854	1.671728
2.749997	1.680647
2.757140	1.688292
2.764283	1.692751
2.771426	1.683195
2.778569	1.671091
2.785712	1.668861
2.792854	1.698803
2.799997	1.669179
2.807140	1.690521
2.814283	1.673320
2.821426	1.681284
2.828569	1.694662
2.835711	1.675869
2.842854	1.675232
2.849997	1.676506
2.857140	1.681921
2.864283	1.672046
2.871426	1.683832
2.878569	1.692114
2.885711	1.663764
2.892854	1.691796
2.899997	1.665994
2.907140	1.700078
2.914283	1.651341
2.921426	1.673957
2.928568	1.677143
2.935711	1.680647
2.942854	1.696574
2.949997	1.668542
2.957140	1.680965
2.964283	1.676824
2.971426	1.683514
2.978568	1.681602
2.985711	1.676824
2.992854	1.679691
2.999997	1.682239
3.007140	1.676824
3.014283	1.664720
3.021426	1.673957
3.028568	1.669179
3.035711	1.682239
3.042854	1.674276
3.049997	1.683195
3.057140	1.691158
3.064283	1.677461
3.071426	1.694662
3.078568	1.660579
3.085711	1.688929
3.092854	1.690840
3.099997	1.685106
3.107140	1.694662
3.114283	1.666312
3.121425	1.703263
3.128568	1.660579
3.135711	1.694981
3.142854	1.674276
3.149997	1.673957
3.157140	1.680965
3.164283	1.696892
3.171425	1.677143
3.178568	1.697848
3.185711	1.668861
3.192854	1.696574
3.199997	1.659623
3.207140	1.689247
3.214282	1.663764
3.221425	1.666950
3.228568	1.691796
3.235711	1.662171
3.242854	1.694344
3.249997	1.644333
3.257140	1.679054
3.264282	1.680965
3.271425	1.672365
3.278568	1.681284
3.285711	1.668861
3.292854	1.691796
3.299997	1.685425
3.307140	1.681921
3.314282	1.681921
3.321425	1.666950
3.328568	1.672683
3.335711	1.693388
3.342854	1.670135
3.349997	1.691796
3.357140	1.679691
3.364282	1.672046
3.371425	1.661853
3.378568	1.688292
3.385711	1.672365
3.392854	1.684151
3.399997	1.678735
3.407139	1.669498
3.414282	1.666950
3.421425	1.693070
3.428568	1.676506
3.435711	1.678417
3.442854	1.683195
3.449997	1.650067
3.457139	1.695937
3.464282	1.673320
3.471425	1.681284
3.478568	1.696574
3.485711	1.657075
3.492854	1.685106
3.499996	1.678098
3.507139	1.672683
3.514282	1.666950
3.521425	1.694662
3.528568	1.664720
3.535711	1.683195
3.542854	1.685425
3.549996	1.678735
3.557139	1.688610
3.564282	1.656119
3.571425	1.688292
3.578568	1.669816
3.585711	1.680010
3.592854	1.679691
3.599996	1.687655
3.607139	1.670772
3.614282	1.688292
3.621425	1.680010
3.628568	1.685106
3.635711	1.667268
3.642854	1.689884
3.649996	1.670135
3.657139	1.697529
3.664282	1.670772
3.671425	1.685106
3.678568	1.686380
3.685711	1.686699
3.692853	1.684151
3.699996	1.691158
3.707139	1.672683
3.714282	1.688292
3.721425	1.687655
3.728568	1.682239
3.735711	1.682558
3.742853	1.691477
3.749996	1.670772
3.757139	1.670453
3.764282	1.680010
3.771425	1.674594
3.778568	1.665357
3.785710	1.705174
3.792853	1.666312
3.799996	1.694662
3.807139	1.672365
3.814282	1.687655
3.821425	1.681921
3.828568	1.671728
3.835710	1.696892
3.842853	1.673639
3.849996	1.692751
3.857139	1.671728
3.864282	1.656438
3.871425	1.707085
3.878568	1.670772
3.885710	1.674276
3.892853	1.685425
3.899996	1.663446
3.907139	1.679373
3.914282	1.663764
3.921425	1.680647
3.928568	1.692433
3.935710	1.680647
3.942853	1.682876
3.949996	1.689884
3.957139	1.674913
3.964282	1.680965
3.971425	1.677143
3.978567	1.685106
3.985710	1.682558
3.992853	1.671728
3.999996	1.687017
4.007139	1.675869
4.014282	1.674276
4.021425	1.678417
4.028567	1.670772
4.035710	1.684788
4.042853	1.681921
4.049996	1.693388
4.057139	1.673002
4.064282	1.657075
4.071424	1.685106
4.078567	1.688610
4.085710	1.691477
4.092853	1.674594
4.099996	1.668861
4.107139	1.681284
4.114282	1.668542
4.121424	1.681921
4.128567	1.669816
4.135710	1.672046
4.142853	1.691796
4.149996	1.666950
4.157139	1.670453
4.164282	1.680010
4.171424	1.696892
4.178567	1.665994
4.185710	1.682876
4.192853	1.684151
4.199996	1.691796
4.207139	1.669816
4.214282	1.699122
4.221424	1.676506
4.228567	1.682239
4.235710	1.683195
4.242853	1.676187
4.249996	1.696255
4.257139	1.680965
4.264281	1.667905
4.271424	1.694981
4.278567	1.669816
4.285710	1.690203
4.292853	1.680010
4.299996	1.672365
4.307139	1.693070
4.314281	1.672683
4.321424	1.677780
4.328567	1.678735
4.335710	1.687336
4.342853	1.676187
4.349996	1.682558
4.357139	1.666631
4.364281	1.691158
4.371424	1.655801
4.378567	1.696892
4.385710	1.652934
4.392853	1.680010
4.399996	1.682239
4.407138	1.680328
4.414281	1.681921
4.421424	1.674276
4.428567	1.687655
4.435710	1.667587
4.442853	1.673957
4.449996	1.691158
4.457138	1.691796
4.464281	1.659623
4.471424	1.680647
4.478567	1.673002
4.485710	1.676187
4.492853	1.693388
4.499995	1.679054
4.507138	1.681602
4.514281	1.683514
4.521424	1.666631
4.528567	1.663446
4.535710	1.690840
4.542853	1.665994
4.549995	1.694981
4.557138	1.667905
4.564281	1.655801
4.571424	1.680010
4.578567	1.679054
4.585710	1.675550
4.592853	1.673320
4.599995	1.682239
4.607138	1.675869
4.614281	1.692751
4.621424	1.685106
4.628567	1.673320
4.635710	1.688610
4.642853	1.680647
4.649995	1.672046
4.657138	1.682558
4.664281	1.680647
4.671424	1.683195
4.678567	1.681921
4.685710	1.669498
4.692852	1.680647
4.699995	1.675869
4.707138	1.687655
4.714281	1.668542
4.721424	1.684788
4.728567	1.694344
4.735710	1.671728
4.742852	1.684469
4.749995	1.680647
4.757138	1.671091
4.764281	1.680010
4.771424	1.680010
4.778567	1.687336
4.785710	1.681602
4.792852	1.673639
4.799995	1.669179
4.807138	1.685425
4.814281	1.683514
4.821424	1.679691
4.828567	1.686699
4.835709	1.656438
4.842852	1.690840
4.849995	1.682239
4.857138	1.670772
4.864281	1.697848
4.871424	1.644970
4.878567	1.697848
4.885709	1.631273
4.892852	1.684788
4.899995	1.680965
4.907138	1.666950
4.914281	1.680965
4.921424	1.687336
4.928566	1.665038
4.935709	1.678098
4.942852	1.682558
4.949995	1.673957
4.957138	1.672683
4.964281	1.686699
4.971424	1.670135
4.978566	1.681921
4.985709	1.679373
4.992852	1.685425

