LabVIEW Measurement	
Writer_Version	2
Reader_Version	2
Separator	Tab
Decimal_Separator	.
Multi_Headings	Yes
X_Columns	One
Time_Pref	Absolute
Operator	labuser
Date	2023/05/22
Time	16:00:09.175803749999912624
***End_of_Header***	
	
Channels	1	
Samples	700	
Date	2023/05/22	
Time	16:00:09.175803749999912624	
Y_Unit_Label	Volts	
X_Dimension	Time	
X0	0.0000000000000000E+0	
Delta_X	0.007143	
***End_of_Header***		
X_Value	Voltage	Comment
0.000000	1.696255
0.007143	1.511184
0.014286	1.623310
0.021429	1.689247
0.028571	1.587315
0.035714	1.576485
0.042857	1.677461
0.050000	1.669179
0.057143	1.735117
0.064286	1.659942
0.071429	1.635414
0.078571	1.617895
0.085714	1.661216
0.092857	1.558328
0.100000	1.646245
0.107143	1.590500
0.114286	1.674276
0.121428	1.600057
0.128571	1.633822
0.135714	1.551639
0.142857	1.607064
0.150000	1.626814
0.157143	1.674913
0.164286	1.691796
0.171428	1.518192
0.178571	1.674913
0.185714	1.680010
0.192857	1.553869
0.200000	1.693070
0.207143	1.571070
0.214285	1.557691
0.221428	1.658668
0.228571	1.647200
0.235714	1.666950
0.242857	1.712182
0.250000	1.696574
0.257143	1.501310
0.264285	1.646245
0.271428	1.602923
0.278571	1.611842
0.285714	1.611205
0.292857	1.571707
0.300000	1.723968
0.307143	1.580307
0.314285	1.741487
0.321428	1.598464
0.328571	1.666312
0.335714	1.671728
0.342857	1.683195
0.350000	1.655482
0.357143	1.415623
0.364285	1.637963
0.371428	1.634140
0.378571	1.553550
0.385714	1.638281
0.392857	1.707085
0.400000	1.368161
0.407142	1.596871
0.414285	1.680965
0.421428	1.418808
0.428571	1.637963
0.435714	1.570751
0.442857	1.468500
0.450000	1.633822
0.457142	1.598464
0.464285	1.492391
0.471428	1.615346
0.478571	1.578396
0.485714	1.690203
0.492857	1.640192
0.499999	1.630636
0.507142	1.623628
0.514285	1.352871
0.521428	1.679373
0.528571	1.467545
0.535714	1.654208
0.542857	1.591456
0.549999	1.473278
0.557142	1.500673
0.564285	1.646563
0.571428	1.655482
0.578571	1.678098
0.585714	1.640511
0.592857	1.684469
0.599999	1.464678
0.607142	1.704856
0.614285	1.586359
0.621428	1.603560
0.628571	1.674594
0.635714	1.610568
0.642857	1.486657
0.649999	1.657393
0.657142	1.553231
0.664285	1.643378
0.671428	1.598782
0.678571	1.625540
0.685714	1.625858
0.692856	1.683514
0.699999	1.571070
0.707142	1.672365
0.714285	1.392051
0.721428	1.626177
0.728571	1.476145
0.735714	1.536030
0.742856	1.690521
0.749999	1.718553
0.757142	1.606427
0.764285	1.603560
0.771428	1.679054
0.778571	1.699122
0.785713	1.517874
0.792856	1.684788
0.799999	1.628725
0.807142	1.715367
0.814285	1.576803
0.821428	1.681602
0.828571	1.429639
0.835713	1.761237
0.842856	1.592412
0.849999	1.544631
0.857142	1.673320
0.864285	1.371665
0.871428	1.592412
0.878571	1.634140
0.885713	1.619806
0.892856	1.698485
0.899999	1.639555
0.907142	1.543994
0.914285	1.745947
0.921428	1.628406
0.928570	1.660260
0.935713	1.479012
0.942856	1.672046
0.949999	1.517237
0.957142	1.709952
0.964285	1.691477
0.971428	1.716323
0.978570	1.694662
0.985713	1.482198
0.992856	1.757096
0.999999	1.528704
1.007142	1.650067
1.014285	1.667268
1.021428	1.677143
1.028570	1.515644
1.035713	1.482198
1.042856	1.674913
1.049999	1.607064
1.057142	1.524882
1.064285	1.582218
1.071427	1.718234
1.078570	1.629044
1.085713	1.635414
1.092856	1.483472
1.099999	1.683195
1.107142	1.647837
1.114285	1.570751
1.121427	1.659305
1.128570	1.590500
1.135713	1.640192
1.142856	1.516600
1.149999	1.698166
1.157142	1.679691
1.164285	1.558647
1.171427	1.634140
1.178570	1.694344
1.185713	1.642741
1.192856	1.459900
1.199999	1.658030
1.207142	1.609613
1.214284	1.629362
1.221427	1.697211
1.228570	1.429639
1.235713	1.695937
1.242856	1.393007
1.249999	1.613117
1.257142	1.515007
1.264284	1.557054
1.271427	1.671409
1.278570	1.672683
1.285713	1.593049
1.292856	1.704856
1.299999	1.643059
1.307142	1.590819
1.314284	1.641785
1.321427	1.479012
1.328570	1.631273
1.335713	1.717279
1.342856	1.618850
1.349999	1.615983
1.357141	1.640511
1.364284	1.443973
1.371427	1.615983
1.378570	1.521378
1.385713	1.691158
1.392856	1.522970
1.399999	1.727790
1.407141	1.558010
1.414284	1.691158
1.421427	1.575211
1.428570	1.652297
1.435713	1.599419
1.442856	1.613754
1.449999	1.590500
1.457141	1.662490
1.464284	1.454803
1.471427	1.604516
1.478570	1.606427
1.485713	1.666312
1.492856	1.634459
1.499999	1.627451
1.507141	1.515963
1.514284	1.680647
1.521427	1.584767
1.528570	1.661216
1.535713	1.628406
1.542856	1.546224
1.549998	1.470093
1.557141	1.606427
1.564284	1.568203
1.571427	1.620762
1.578570	1.550683
1.585713	1.702944
1.592856	1.627769
1.599998	1.658668
1.607141	1.590500
1.614284	1.586997
1.621427	1.656119
1.628570	1.565336
1.635713	1.658668
1.642856	1.588589
1.649998	1.681602
1.657141	1.726198
1.664284	1.627451
1.671427	1.684788
1.678570	1.543038
1.685713	1.651978
1.692855	1.577440
1.699998	1.632866
1.707141	1.480605
1.714284	1.474871
1.721427	1.635414
1.728570	1.732568
1.735713	1.508318
1.742855	1.553869
1.749998	1.656756
1.757141	1.469456
1.764284	1.628088
1.771427	1.543675
1.778570	1.700396
1.785713	1.453848
1.792855	1.645608
1.799998	1.646245
1.807141	1.693707
1.814284	1.525200
1.821427	1.695299
1.828570	1.610568
1.835712	1.512140
1.842855	1.681921
1.849998	1.566929
1.857141	1.589545
1.864284	1.686062
1.871427	1.473916
1.878570	1.690840
1.885712	1.575848
1.892855	1.723331
1.899998	1.607701
1.907141	1.621399
1.914284	1.658030
1.921427	1.587315
1.928570	1.593367
1.935712	1.548453
1.942855	1.535075
1.949998	1.604835
1.957141	1.623310
1.964284	1.582856
1.971427	1.589545
1.978569	1.640829
1.985712	1.652934
1.992855	1.475508
1.999998	1.580944
2.007141	1.464678
2.014284	1.686699
2.021427	1.673957
2.028569	1.700396
2.035712	1.463085
2.042855	1.698166
2.049998	1.556735
2.057141	1.465634
2.064284	1.695618
2.071426	1.673957
2.078569	1.587315
2.085712	1.562788
2.092855	1.566292
2.099998	1.668224
2.107141	1.549090
2.114284	1.609294
2.121426	1.380265
2.128569	1.574574
2.135712	1.627769
2.142855	1.612161
2.149998	1.725242
2.157141	1.668861
2.164284	1.600694
2.171426	1.680647
2.178569	1.679373
2.185712	1.653571
2.192855	1.644970
2.199998	1.631592
2.207141	1.544949
2.214284	1.676824
2.221426	1.495258
2.228569	1.580307
2.235712	1.571388
2.242855	1.637963
2.249998	1.630318
2.257141	1.689884
2.264283	1.555143
2.271426	1.642104
2.278569	1.548453
2.285712	1.596553
2.292855	1.535075
2.299998	1.685425
2.307141	1.617576
2.314283	1.683195
2.321426	1.628406
2.328569	1.633503
2.335712	1.498761
2.342855	1.720782
2.349998	1.484746
2.357140	1.656119
2.364283	1.682558
2.371426	1.617895
2.378569	1.545587
2.385712	1.549728
2.392855	1.504495
2.399998	1.613117
2.407140	1.717597
2.414283	1.636688
2.421426	1.574574
2.428569	1.693707
2.435712	1.625540
2.442855	1.588908
2.449998	1.571707
2.457140	1.692114
2.464283	1.592730
2.471426	1.715049
2.478569	1.636370
2.485712	1.522652
2.492855	1.609294
2.499998	1.548453
2.507140	1.645608
2.514283	1.576485
2.521426	1.678098
2.528569	1.667905
2.535712	1.582218
2.542855	1.718871
2.549997	1.581581
2.557140	1.629681
2.564283	1.679373
2.571426	1.562469
2.578569	1.511503
2.585712	1.466589
2.592855	1.671409
2.599997	1.579989
2.607140	1.707722
2.614283	1.590819
2.621426	1.680965
2.628569	1.599419
2.635712	1.671409
2.642854	1.624903
2.649997	1.646563
2.657140	1.683514
2.664283	1.494939
2.671426	1.623628
2.678569	1.549409
2.685712	1.627132
2.692854	1.733524
2.699997	1.572344
2.707140	1.648474
2.714283	1.578077
2.721426	1.654208
2.728569	1.657393
2.735712	1.557372
2.742854	1.612798
2.749997	1.648793
2.757140	1.553869
2.764283	1.589545
2.771426	1.602923
2.778569	1.366568
2.785712	1.633185
2.792854	1.641467
2.799997	1.671409
2.807140	1.648793
2.814283	1.767289
2.821426	1.613435
2.828569	1.713456
2.835711	1.559284
2.842854	1.728109
2.849997	1.601649
2.857140	1.640511
2.864283	1.538897
2.871426	1.671409
2.878569	1.556098
2.885711	1.597190
2.892854	1.651023
2.899997	1.614391
2.907140	1.444929
2.914283	1.450344
2.921426	1.600694
2.928568	1.585404
2.935711	1.627451
2.942854	1.570114
2.949997	1.637326
2.957140	1.632547
2.964283	1.622354
2.971426	1.703581
2.978568	1.610887
2.985711	1.532527
2.992854	1.642104
2.999997	1.609294
3.007140	1.587952
3.014283	1.655801
3.021426	1.715367
3.028568	1.549728
3.035711	1.567884
3.042854	1.610887
3.049997	1.450025
3.057140	1.686380
3.064283	1.492391
3.071426	1.721101
3.078568	1.595597
3.085711	1.655801
3.092854	1.680328
3.099997	1.632866
3.107140	1.650386
3.114283	1.603242
3.121425	1.711545
3.128568	1.651023
3.135711	1.567247
3.142854	1.636370
3.149997	1.462448
3.157140	1.685425
3.164283	1.535075
3.171425	1.652297
3.178568	1.618850
3.185711	1.674913
3.192854	1.665357
3.199997	1.719190
3.207140	1.635096
3.214282	1.481242
3.221425	1.644970
3.228568	1.603242
3.235711	1.662809
3.242854	1.694662
3.249997	1.672046
3.257140	1.528704
3.264282	1.536349
3.271425	1.641467
3.278568	1.663446
3.285711	1.621717
3.292854	1.467545
3.299997	1.675232
3.307140	1.514051
3.314282	1.538579
3.321425	1.656119
3.328568	1.623628
3.335711	1.610568
3.342854	1.582856
3.349997	1.445566
3.357140	1.706130
3.364282	1.607701
3.371425	1.723968
3.378568	1.672683
3.385711	1.519148
3.392854	1.536349
3.399997	1.577122
3.407139	1.590500
3.414282	1.628406
3.421425	1.552594
3.428568	1.577122
3.435711	1.493028
3.442854	1.417534
3.449997	1.633185
3.457139	1.535393
3.464282	1.483472
3.471425	1.616621
3.478568	1.340448
3.485711	1.635096
3.492854	1.619806
3.499996	1.598145
3.507139	1.644015
3.514282	1.537305
3.521425	1.598145
3.528568	1.606109
3.535711	1.511822
3.542854	1.625858
3.549996	1.624265
3.557139	1.486657
3.564282	1.652297
3.571425	1.607064
3.578568	1.526156
3.585711	1.595597
3.592854	1.681921
3.599996	1.519148
3.607139	1.606427
3.614282	1.633503
3.621425	1.715049
3.628568	1.611205
3.635711	1.709952
3.642854	1.510229
3.649996	1.712500
3.657139	1.643378
3.664282	1.663127
3.671425	1.621399
3.678568	1.636688
3.685711	1.644015
3.692853	1.556735
3.699996	1.663446
3.707139	1.625858
3.714282	1.634140
3.721425	1.608020
3.728568	1.731294
3.735711	1.535393
3.742853	1.507362
3.749996	1.576485
3.757139	1.675232
3.764282	1.761874
3.771425	1.531889
3.778568	1.726198
3.785710	1.617895
3.792853	1.666950
3.799996	1.575848
3.807139	1.710271
3.814282	1.709634
3.821425	1.599738
3.828568	1.539853
3.835710	1.693707
3.842853	1.651660
3.849996	1.650704
3.857139	1.649111
3.864282	1.544949
3.871425	1.668861
3.878568	1.643696
3.885710	1.566292
3.892853	1.662809
3.899996	1.608657
3.907139	1.696892
3.914282	1.351597
3.921425	1.361472
3.928568	1.756140
3.935710	1.613754
3.942853	1.661216
3.949996	1.525519
3.957139	1.601649
3.964282	1.685743
3.971425	1.487294
3.978567	1.694344
3.985710	1.604198
3.992853	1.736709
3.999996	1.472004
4.007139	1.685743
4.014282	1.402882
4.021425	1.605790
4.028567	1.529023
4.035710	1.690521
4.042853	1.668861
4.049996	1.514051
4.057139	1.564062
4.064282	1.492391
4.071424	1.505769
4.078567	1.609931
4.085710	1.630955
4.092853	1.494939
4.099996	1.569158
4.107139	1.678098
4.114282	1.486657
4.121424	1.632547
4.128567	1.583174
4.135710	1.560239
4.142853	1.637007
4.149996	1.688610
4.157139	1.475190
4.164282	1.533164
4.171424	1.639555
4.178567	1.478375
4.185710	1.675232
4.192853	1.654208
4.199996	1.544312
4.207139	1.658668
4.214282	1.543038
4.221424	1.574255
4.228567	1.500991
4.235710	1.680328
4.242853	1.643696
4.249996	1.625221
4.257139	1.658986
4.264281	1.674276
4.271424	1.661534
4.278567	1.584130
4.285710	1.511184
4.292853	1.533164
4.299996	1.587315
4.307139	1.635096
4.314281	1.545268
4.321424	1.669179
4.328567	1.545268
4.335710	1.528067
4.342853	1.723968
4.349996	1.575848
4.357139	1.420083
4.364281	1.658668
4.371424	1.551320
4.378567	1.685106
4.385710	1.587315
4.392853	1.558647
4.399996	1.635414
4.407138	1.480286
4.414281	1.731931
4.421424	1.650386
4.428567	1.506406
4.435710	1.602605
4.442853	1.498124
4.449996	1.451299
4.457138	1.537305
4.464281	1.563425
4.471424	1.623947
4.478567	1.490798
4.485710	1.683514
4.492853	1.557054
4.499995	1.694662
4.507138	1.582856
4.514281	1.371346
4.521424	1.430276
4.528567	1.555780
4.535710	1.505132
4.542853	1.593367
4.549995	1.550365
4.557138	1.629999
4.564281	1.383769
4.571424	1.599419
4.578567	1.578715
4.585710	1.453848
4.592853	1.668224
4.599995	1.422949
4.607138	1.663764
4.614281	1.680010
4.621424	1.688610
4.628567	1.517237
4.635710	1.597508
4.642853	1.706448
4.649995	1.432187
4.657138	1.562788
4.664281	1.601331
4.671424	1.598782
4.678567	1.626495
4.685710	1.414349
4.692852	1.682876
4.699995	1.594323
4.707138	1.412756
4.714281	1.677143
4.721424	1.634140
4.728567	1.654208
4.735710	1.535712
4.742852	1.683514
4.749995	1.666950
4.757138	1.574255
4.764281	1.698803
4.771424	1.658349
4.778567	1.713138
4.785710	1.385362
4.792852	1.622354
4.799995	1.522015
4.807138	1.507681
4.814281	1.702944
4.821424	1.576166
4.828567	1.587315
4.835709	1.694025
4.842852	1.333759
4.849995	1.519148
4.857138	1.646563
4.864281	1.691796
4.871424	1.690521
4.878567	1.698166
4.885709	1.685106
4.892852	1.557372
4.899995	1.429320
4.907138	1.624584
4.914281	1.634140
4.921424	1.555780
4.928566	1.687336
4.935709	1.633503
4.942852	1.578715
4.949995	1.711545
4.957138	1.565336
4.964281	1.528067
4.971424	1.718871
4.978566	1.507043
4.985709	1.568521
4.992852	1.666950

