LabVIEW Measurement	
Writer_Version	2
Reader_Version	2
Separator	Tab
Decimal_Separator	.
Multi_Headings	Yes
X_Columns	One
Time_Pref	Absolute
Operator	labuser
Date	2023/05/22
Time	14:45:47.4232686999997809888
***End_of_Header***	
	
Channels	1	
Samples	700	
Date	2023/05/22	
Time	15:31:19.280132849999858603	
Y_Unit_Label	Volts	
X_Dimension	Time	
X0	0.0000000000000000E+0	
Delta_X	0.007143	
***End_of_Header***		
X_Value	Voltage	Comment
0.000000	1.625858
0.007143	1.628725
0.014286	1.628406
0.021429	1.615346
0.028571	1.616939
0.035714	1.617258
0.042857	1.624265
0.050000	1.619487
0.057143	1.607064
0.064286	1.610250
0.071429	1.602286
0.078571	1.603242
0.085714	1.622354
0.092857	1.615665
0.100000	1.609613
0.107143	1.626495
0.114286	1.617895
0.121428	1.630636
0.128571	1.612798
0.135714	1.601968
0.142857	1.623310
0.150000	1.613754
0.157143	1.609931
0.164286	1.622991
0.171428	1.627132
0.178571	1.627451
0.185714	1.628088
0.192857	1.627132
0.200000	1.604516
0.207143	1.625221
0.214285	1.607064
0.221428	1.611205
0.228571	1.602923
0.235714	1.605153
0.242857	1.615983
0.250000	1.619487
0.257143	1.613435
0.264285	1.617895
0.271428	1.628725
0.278571	1.617258
0.285714	1.618532
0.292857	1.607064
0.300000	1.612798
0.307143	1.615665
0.314285	1.608339
0.321428	1.594960
0.328571	1.599419
0.335714	1.606746
0.342857	1.584448
0.350000	1.603560
0.357143	1.615028
0.364285	1.610250
0.371428	1.590500
0.378571	1.594323
0.385714	1.571070
0.392857	1.574892
0.400000	1.588271
0.407142	1.577440
0.414285	1.594960
0.421428	1.588271
0.428571	1.597827
0.435714	1.608339
0.442857	1.571707
0.450000	1.603879
0.457142	1.586678
0.464285	1.592093
0.471428	1.597190
0.478571	1.596871
0.485714	1.601649
0.492857	1.600375
0.499999	1.592730
0.507142	1.611205
0.514285	1.595597
0.521428	1.580944
0.528571	1.609931
0.535714	1.615028
0.542857	1.615665
0.549999	1.581263
0.557142	1.616302
0.564285	1.630955
0.571428	1.615346
0.578571	1.620443
0.585714	1.619806
0.592857	1.622673
0.599999	1.616621
0.607142	1.620443
0.614285	1.619169
0.621428	1.626814
0.628571	1.613117
0.635714	1.623310
0.642857	1.635414
0.649999	1.633503
0.657142	1.634777
0.664285	1.620443
0.671428	1.636051
0.678571	1.633503
0.685714	1.642104
0.692856	1.632229
0.699999	1.642104
0.707142	1.634459
0.714285	1.635733
0.721428	1.638918
0.728571	1.651660
0.735714	1.619487
0.742856	1.638281
0.749999	1.644333
0.757142	1.634459
0.764285	1.652934
0.771428	1.643696
0.778571	1.651660
0.785713	1.644652
0.792856	1.651023
0.799999	1.671728
0.807142	1.670135
0.814285	1.657712
0.821428	1.647837
0.828571	1.654208
0.835713	1.662171
0.842856	1.668542
0.849999	1.687017
0.857142	1.690203
0.864285	1.690521
0.871428	1.663446
0.878571	1.697848
0.885713	1.666950
0.892856	1.647519
0.899999	1.672046
0.907142	1.652934
0.914285	1.662490
0.921428	1.652934
0.928570	1.658030
0.935713	1.656438
0.942856	1.639874
0.949999	1.646245
0.957142	1.642104
0.964285	1.638918
0.971428	1.639237
0.978570	1.627451
0.985713	1.633503
0.992856	1.631273
0.999999	1.629362
1.007142	1.623628
1.014285	1.626177
1.021428	1.620762
1.028570	1.627132
1.035713	1.627132
1.042856	1.620443
1.049999	1.624903
1.057142	1.630318
1.064285	1.627451
1.071427	1.632229
1.078570	1.635414
1.085713	1.625540
1.092856	1.621399
1.099999	1.628406
1.107142	1.629999
1.114285	1.628725
1.121427	1.629044
1.128570	1.620762
1.135713	1.631592
1.142856	1.628406
1.149999	1.623947
1.157142	1.629999
1.164285	1.614709
1.171427	1.622673
1.178570	1.610568
1.185713	1.614072
1.192856	1.635096
1.199999	1.620443
1.207142	1.596234
1.214284	1.620443
1.221427	1.627132
1.228570	1.581900
1.235713	1.622354
1.242856	1.621717
1.249999	1.616302
1.257142	1.619806
1.264284	1.627132
1.271427	1.615983
1.278570	1.622036
1.285713	1.610250
1.292856	1.606109
1.299999	1.612480
1.307142	1.577122
1.314284	1.617895
1.321427	1.582537
1.328570	1.600375
1.335713	1.596553
1.342856	1.587634
1.349999	1.587634
1.357141	1.596553
1.364284	1.604516
1.371427	1.586041
1.378570	1.602923
1.385713	1.600057
1.392856	1.600694
1.399999	1.590819
1.407141	1.606746
1.414284	1.601649
1.421427	1.613117
1.428570	1.610887
1.435713	1.608339
1.442856	1.617576
1.449999	1.616939
1.457141	1.616939
1.464284	1.559602
1.471427	1.615346
1.478570	1.561195
1.485713	1.586359
1.492856	1.605790
1.499999	1.599419
1.507141	1.612480
1.514284	1.627132
1.521427	1.615346
1.528570	1.618850
1.535713	1.604198
1.542856	1.614391
1.549998	1.612480
1.557141	1.615983
1.564284	1.606109
1.571427	1.621399
1.578570	1.633822
1.585713	1.630636
1.592856	1.618213
1.599998	1.621080
1.607141	1.626177
1.614284	1.630636
1.621427	1.629681
1.628570	1.626177
1.635713	1.622673
1.642856	1.628406
1.649998	1.628725
1.657141	1.627769
1.664284	1.629681
1.671427	1.634777
1.678570	1.614391
1.685713	1.617895
1.692855	1.632547
1.699998	1.631592
1.707141	1.636051
1.714284	1.643696
1.721427	1.635096
1.728570	1.633503
1.735713	1.640192
1.742855	1.639874
1.749998	1.639874
1.757141	1.629044
1.764284	1.647200
1.771427	1.641467
1.778570	1.637644
1.785713	1.644970
1.792855	1.627132
1.799998	1.651341
1.807141	1.622991
1.814284	1.644970
1.821427	1.637644
1.828570	1.654845
1.835712	1.615028
1.842855	1.647837
1.849998	1.659305
1.857141	1.668224
1.864284	1.656438
1.871427	1.680965
1.878570	1.672046
1.885712	1.662809
1.892855	1.668224
1.899998	1.674913
1.907141	1.641467
1.914284	1.624903
1.921427	1.670135
1.928570	1.700396
1.935712	1.684469
1.942855	1.666312
1.949998	1.633822
1.957141	1.642741
1.964284	1.675869
1.971427	1.665994
1.978569	1.668861
1.985712	1.682876
1.992855	1.644652
1.999998	1.690521
2.007141	1.673320
2.014284	1.689884
2.021427	1.697848
2.028569	1.626495
2.035712	1.659942
2.042855	1.656119
2.049998	1.716323
2.057141	1.698166
2.064284	1.645608
2.071426	1.677461
2.078569	1.649749
2.085712	1.707722
2.092855	1.703581
2.099998	1.657712
2.107141	1.683195
2.114284	1.687017
2.121426	1.675869
2.128569	1.658986
2.135712	1.671091
2.142855	1.652297
2.149998	1.684788
2.157141	1.659305
2.164284	1.670453
2.171426	1.700078
2.178569	1.679691
2.185712	1.669816
2.192855	1.659623
2.199998	1.677143
2.207141	1.662490
2.214284	1.694981
2.221426	1.664401
2.228569	1.670772
2.235712	1.677461
2.242855	1.656756
2.249998	1.672365
2.257141	1.670453
2.264283	1.687973
2.271426	1.666312
2.278569	1.650386
2.285712	1.686380
2.292855	1.653571
2.299998	1.657393
2.307141	1.672046
2.314283	1.656119
2.321426	1.651341
2.328569	1.650386
2.335712	1.649430
2.342855	1.644970
2.349998	1.644015
2.357140	1.641467
2.364283	1.653889
2.371426	1.646563
2.378569	1.661853
2.385712	1.648156
2.392855	1.657393
2.399998	1.659305
2.407140	1.652934
2.414283	1.654845
2.421426	1.687017
2.428569	1.673957
2.435712	1.658030
2.442855	1.680647
2.449998	1.666950
2.457140	1.639555
2.464283	1.669498
2.471426	1.696892
2.478569	1.652934
2.485712	1.680328
2.492855	1.671728
2.499998	1.680010
2.507140	1.683832
2.514283	1.678098
2.521426	1.666950
2.528569	1.674276
2.535712	1.669816
2.542855	1.668861
2.549997	1.667905
2.557140	1.662809
2.564283	1.694662
2.571426	1.702626
2.578569	1.635414
2.585712	1.691796
2.592855	1.662490
2.599997	1.662171
2.607140	1.642741
2.614283	1.686062
2.621426	1.683195
2.628569	1.665357
2.635712	1.684788
2.642854	1.677143
2.649997	1.682239
2.657140	1.673957
2.664283	1.690203
2.671426	1.684151
2.678569	1.681284
2.685712	1.698485
2.692854	1.668861
2.699997	1.677143
2.707140	1.690840
2.714283	1.681284
2.721426	1.656438
2.728569	1.626177
2.735712	1.684151
2.742854	1.649430
2.749997	1.721420
2.757140	1.660897
2.764283	1.666631
2.771426	1.681602
2.778569	1.684788
2.785712	1.655164
2.792854	1.684469
2.799997	1.650386
2.807140	1.656438
2.814283	1.657075
2.821426	1.653889
2.828569	1.656119
2.835711	1.661216
2.842854	1.645608
2.849997	1.651660
2.857140	1.656438
2.864283	1.652297
2.871426	1.638600
2.878569	1.637963
2.885711	1.634140
2.892854	1.641467
2.899997	1.643696
2.907140	1.629044
2.914283	1.630955
2.921426	1.637644
2.928568	1.641148
2.935711	1.638600
2.942854	1.633185
2.949997	1.632547
2.957140	1.615028
2.964283	1.633185
2.971426	1.624903
2.978568	1.622354
2.985711	1.622673
2.992854	1.620124
2.999997	1.601012
3.007140	1.617258
3.014283	1.602605
3.021426	1.617258
3.028568	1.625540
3.035711	1.592412
3.042854	1.622036
3.049997	1.575848
3.057140	1.617258
3.064283	1.610887
3.071426	1.612798
3.078568	1.605790
3.085711	1.606109
3.092854	1.568840
3.099997	1.591775
3.107140	1.608020
3.114283	1.620124
3.121425	1.570433
3.128568	1.608976
3.135711	1.618850
3.142854	1.585722
3.149997	1.579352
3.157140	1.600057
3.164283	1.586997
3.171425	1.605790
3.178568	1.590500
3.185711	1.588271
3.192854	1.596234
3.199997	1.606427
3.207140	1.597827
3.214282	1.604516
3.221425	1.612480
3.228568	1.605472
3.235711	1.593049
3.242854	1.603242
3.249997	1.608020
3.257140	1.606427
3.264282	1.612480
3.271425	1.611524
3.278568	1.613117
3.285711	1.612798
3.292854	1.604516
3.299997	1.599738
3.307140	1.610568
3.314282	1.617895
3.321425	1.611842
3.328568	1.620443
3.335711	1.620762
3.342854	1.633822
3.349997	1.622991
3.357140	1.614391
3.364282	1.623628
3.371425	1.620762
3.378568	1.622673
3.385711	1.622036
3.392854	1.631910
3.399997	1.616302
3.407139	1.621399
3.414282	1.633503
3.421425	1.632229
3.428568	1.630955
3.435711	1.635733
3.442854	1.576803
3.449997	1.623947
3.457139	1.638281
3.464282	1.631273
3.471425	1.646563
3.478568	1.637644
3.485711	1.586997
3.492854	1.629681
3.499996	1.643378
3.507139	1.651023
3.514282	1.653889
3.521425	1.651978
3.528568	1.672683
3.535711	1.643059
3.542854	1.657712
3.549996	1.661216
3.557139	1.638600
3.564282	1.655164
3.571425	1.656756
3.578568	1.656756
3.585711	1.679054
3.592854	1.669179
3.599996	1.641148
3.607139	1.672046
3.614282	1.644333
3.621425	1.672046
3.628568	1.608657
3.635711	1.665357
3.642854	1.640511
3.649996	1.687336
3.657139	1.668861
3.664282	1.674276
3.671425	1.671091
3.678568	1.679691
3.685711	1.685743
3.692853	1.677780
3.699996	1.658986
3.707139	1.704218
3.714282	1.693707
3.721425	1.708041
3.728568	1.676506
3.735711	1.683195
3.742853	1.686062
3.749996	1.688292
3.757139	1.682876
3.764282	1.672046
3.771425	1.683514
3.778568	1.669179
3.785710	1.690521
3.792853	1.637007
3.799996	1.645289
3.807139	1.694662
3.814282	1.673639
3.821425	1.676187
3.828568	1.674276
3.835710	1.681602
3.842853	1.704856
3.849996	1.685106
3.857139	1.675232
3.864282	1.683195
3.871425	1.659623
3.878568	1.680647
3.885710	1.669816
3.892853	1.671409
3.899996	1.665357
3.907139	1.694662
3.914282	1.697211
3.921425	1.640192
3.928568	1.693707
3.935710	1.691158
3.942853	1.692433
3.949996	1.693388
3.957139	1.656119
3.964282	1.705811
3.971425	1.652297
3.978567	1.656119
3.985710	1.649430
3.992853	1.696574
3.999996	1.664083
4.007139	1.680965
4.014282	1.698485
4.021425	1.668224
4.028567	1.686380
4.035710	1.673639
4.042853	1.702944
4.049996	1.661534
4.057139	1.683514
4.064282	1.694344
4.071424	1.691158
4.078567	1.708041
4.085710	1.637963
4.092853	1.641467
4.099996	1.643059
4.107139	1.664401
4.114282	1.630318
4.121424	1.663446
4.128567	1.661853
4.135710	1.675232
4.142853	1.663446
4.149996	1.671728
4.157139	1.661216
4.164282	1.629999
4.171424	1.654527
4.178567	1.661216
4.185710	1.661853
4.192853	1.660897
4.199996	1.673957
4.207139	1.630636
4.214282	1.668861
4.221424	1.647200
4.228567	1.662171
4.235710	1.662490
4.242853	1.653571
4.249996	1.611524
4.257139	1.653889
4.264281	1.650386
4.271424	1.664401
4.278567	1.664083
4.285710	1.633185
4.292853	1.656756
4.299996	1.653889
4.307139	1.637963
4.314281	1.653571
4.321424	1.642422
4.328567	1.650704
4.335710	1.653889
4.342853	1.652297
4.349996	1.648793
4.357139	1.647519
4.364281	1.590819
4.371424	1.645289
4.378567	1.637963
4.385710	1.645289
4.392853	1.646245
4.399996	1.646245
4.407138	1.644015
4.414281	1.619487
4.421424	1.646245
4.428567	1.639874
4.435710	1.633503
4.442853	1.622354
4.449996	1.639555
4.457138	1.647200
4.464281	1.644015
4.471424	1.629044
4.478567	1.640829
4.485710	1.638600
4.492853	1.639237
4.499995	1.628406
4.507138	1.643696
4.514281	1.615983
4.521424	1.636688
4.528567	1.634459
4.535710	1.640192
4.542853	1.636688
4.549995	1.639555
4.557138	1.637326
4.564281	1.629681
4.571424	1.632866
4.578567	1.625858
4.585710	1.628725
4.592853	1.639555
4.599995	1.631592
4.607138	1.638281
4.614281	1.625540
4.621424	1.632229
4.628567	1.614391
4.635710	1.633503
4.642853	1.632866
4.649995	1.630955
4.657138	1.638281
4.664281	1.628088
4.671424	1.633822
4.678567	1.631910
4.685710	1.634777
4.692852	1.635096
4.699995	1.634140
4.707138	1.627769
4.714281	1.625221
4.721424	1.633822
4.728567	1.617576
4.735710	1.628088
4.742852	1.636370
4.749995	1.628088
4.757138	1.621080
4.764281	1.629362
4.771424	1.634777
4.778567	1.625858
4.785710	1.626177
4.792852	1.599419
4.799995	1.619487
4.807138	1.635096
4.814281	1.624584
4.821424	1.618532
4.828567	1.636051
4.835709	1.628088
4.842852	1.608020
4.849995	1.617576
4.857138	1.632547
4.864281	1.630318
4.871424	1.628725
4.878567	1.626814
4.885709	1.623628
4.892852	1.621399
4.899995	1.620762
4.907138	1.635733
4.914281	1.634459
4.921424	1.629999
4.928566	1.618850
4.935709	1.605790
4.942852	1.623947
4.949995	1.629999
4.957138	1.620443
4.964281	1.618213
4.971424	1.593686
4.978566	1.624903
4.985709	1.627132
4.992852	1.617576

