LabVIEW Measurement	
Writer_Version	2
Reader_Version	2
Separator	Tab
Decimal_Separator	.
Multi_Headings	Yes
X_Columns	One
Time_Pref	Absolute
Operator	labuser
Date	2023/05/22
Time	15:59:02.5893225499996985064
***End_of_Header***	
	
Channels	1	
Samples	700	
Date	2023/05/22	
Time	15:59:02.5893225499996985064	
Y_Unit_Label	Volts	
X_Dimension	Time	
X0	0.0000000000000000E+0	
Delta_X	0.007143	
***End_of_Header***		
X_Value	Voltage	Comment
0.000000	1.409571
0.007143	1.445247
0.014286	1.568203
0.021429	1.339174
0.028571	1.592412
0.035714	1.421994
0.042857	1.542401
0.050000	1.461174
0.057143	1.375169
0.064286	1.336944
0.071429	1.581263
0.078571	1.537305
0.085714	1.431869
0.092857	1.502902
0.100000	1.450344
0.107143	1.465952
0.114286	1.415305
0.121428	1.475190
0.128571	1.412438
0.135714	1.461811
0.142857	1.525519
0.150000	1.387910
0.157143	1.480286
0.164286	1.400970
0.171428	1.359560
0.178571	1.507362
0.185714	1.556098
0.192857	1.516600
0.200000	1.502902
0.207143	1.482198
0.214285	1.283430
0.221428	1.262725
0.228571	1.491435
0.235714	1.408934
0.242857	1.338537
0.250000	1.405111
0.257143	1.404156
0.264285	1.547816
0.271428	1.305090
0.278571	1.551957
0.285714	1.502584
0.292857	1.523289
0.300000	1.606427
0.307143	1.559921
0.314285	1.575529
0.321428	1.452255
0.328571	1.488887
0.335714	1.554824
0.342857	1.424542
0.350000	1.559602
0.357143	1.518192
0.364285	1.480923
0.371428	1.409571
0.378571	1.586678
0.385714	1.448751
0.392857	1.361472
0.400000	1.574255
0.407142	1.307320
0.414285	1.250939
0.421428	1.508318
0.428571	1.584767
0.435714	1.552276
0.442857	1.292030
0.450000	1.621080
0.457142	1.579670
0.464285	1.414667
0.471428	1.568521
0.478571	1.534119
0.485714	1.389503
0.492857	1.516918
0.499999	1.541127
0.507142	1.471367
0.514285	1.505769
0.521428	1.366568
0.528571	1.314647
0.535714	1.474871
0.542857	1.433780
0.549999	1.486020
0.557142	1.365931
0.564285	1.439832
0.571428	1.529023
0.578571	1.336944
0.585714	1.551639
0.592857	1.429639
0.599999	1.573936
0.607142	1.391414
0.614285	1.421675
0.621428	1.439513
0.628571	1.322610
0.635714	1.464996
0.642857	1.392688
0.649999	1.559602
0.657142	1.347137
0.664285	1.439195
0.671428	1.527430
0.678571	1.507681
0.685714	1.411164
0.692856	1.505132
0.699999	1.411482
0.707142	1.475190
0.714285	1.474553
0.721428	1.350323
0.728571	1.579670
0.735714	1.336307
0.742856	1.359560
0.749999	1.374850
0.757142	1.492391
0.764285	1.261769
0.771428	1.508955
0.778571	1.547816
0.785713	1.379947
0.792856	1.383451
0.799999	1.468819
0.807142	1.332803
0.814285	1.612161
0.821428	1.540490
0.828571	1.487613
0.835713	1.470730
0.842856	1.334396
0.849999	1.326114
0.857142	1.473278
0.864285	1.556735
0.871428	1.303179
0.878571	1.453529
0.885713	1.416260
0.892856	1.397466
0.899999	1.569477
0.907142	1.366568
0.914285	1.455759
0.921428	1.362746
0.928570	1.398741
0.935713	1.409889
0.942856	1.480605
0.949999	1.470730
0.957142	1.432824
0.964285	1.315921
0.971428	1.458626
0.978570	1.519785
0.985713	1.422631
0.992856	1.454485
0.999999	1.455440
1.007142	1.450344
1.014285	1.473278
1.021428	1.446840
1.028570	1.478375
1.035713	1.425498
1.042856	1.519785
1.049999	1.503221
1.057142	1.632229
1.064285	1.546224
1.071427	1.436010
1.078570	1.582537
1.085713	1.554506
1.092856	1.386955
1.099999	1.388229
1.107142	1.449070
1.114285	1.532527
1.121427	1.471367
1.128570	1.563106
1.135713	1.357968
1.142856	1.539534
1.149999	1.425179
1.157142	1.417534
1.164285	1.598145
1.171427	1.562151
1.178570	1.579989
1.185713	1.410845
1.192856	1.354782
1.199999	1.565336
1.207142	1.420720
1.214284	1.429002
1.221427	1.392688
1.228570	1.428683
1.235713	1.521378
1.242856	1.421038
1.249999	1.408297
1.257142	1.418490
1.264284	1.596871
1.271427	1.529023
1.278570	1.513414
1.285713	1.246479
1.292856	1.480605
1.299999	1.479649
1.307142	1.633185
1.314284	1.515007
1.321427	1.303179
1.328570	1.425498
1.335713	1.568521
1.342856	1.548453
1.349999	1.475827
1.357141	1.364020
1.364284	1.572662
1.371427	1.340448
1.378570	1.555143
1.385713	1.423905
1.392856	1.454803
1.399999	1.372620
1.407141	1.471686
1.414284	1.419764
1.421427	1.352234
1.428570	1.357649
1.435713	1.546861
1.442856	1.273237
1.449999	1.251895
1.457141	1.504177
1.464284	1.422949
1.471427	1.336944
1.478570	1.572981
1.485713	1.451618
1.492856	1.537623
1.499999	1.621080
1.507141	1.381858
1.514284	1.383769
1.521427	1.325477
1.528570	1.512140
1.535713	1.469775
1.542856	1.547816
1.549998	1.347137
1.557141	1.425179
1.564284	1.401926
1.571427	1.487294
1.578570	1.441425
1.585713	1.571707
1.592856	1.594323
1.599998	1.501310
1.607141	1.511503
1.614284	1.440469
1.621427	1.486339
1.628570	1.552594
1.635713	1.463722
1.642856	1.550046
1.649998	1.412438
1.657141	1.508318
1.664284	1.378673
1.671427	1.432187
1.678570	1.532208
1.685713	1.493665
1.692855	1.429320
1.699998	1.445247
1.707141	1.516281
1.714284	1.501628
1.721427	1.527111
1.728570	1.331529
1.735713	1.381221
1.742855	1.364020
1.749998	1.495576
1.757141	1.436965
1.764284	1.553231
1.771427	1.594323
1.778570	1.588589
1.785713	1.411482
1.792855	1.458307
1.799998	1.560876
1.807141	1.437602
1.814284	1.495258
1.821427	1.489524
1.828570	1.331529
1.835712	1.337581
1.842855	1.392688
1.849998	1.572025
1.857141	1.500991
1.864284	1.374213
1.871427	1.443973
1.878570	1.332166
1.885712	1.381540
1.892855	1.531252
1.899998	1.516918
1.907141	1.485064
1.914284	1.446521
1.921427	1.510866
1.928570	1.457352
1.935712	1.456077
1.942855	1.519785
1.949998	1.462130
1.957141	1.349367
1.964284	1.464996
1.971427	1.352234
1.978569	1.403837
1.985712	1.350960
1.992855	1.544631
1.999998	1.395237
2.007141	1.567884
2.014284	1.403837
2.021427	1.590182
2.028569	1.494939
2.035712	1.336944
2.042855	1.594960
2.049998	1.463722
2.057141	1.502584
2.064284	1.245205
2.071426	1.390140
2.078569	1.508955
2.085712	1.438876
2.092855	1.541764
2.099998	1.314965
2.107141	1.423587
2.114284	1.352871
2.121426	1.298720
2.128569	1.443973
2.135712	1.403837
2.142855	1.325795
2.149998	1.459581
2.157141	1.417216
2.164284	1.355419
2.171426	1.428365
2.178569	1.537623
2.185712	1.456396
2.192855	1.444610
2.199998	1.480923
2.207141	1.465634
2.214284	1.486657
2.221426	1.482198
2.228569	1.572025
2.235712	1.436010
2.242855	1.501310
2.249998	1.633185
2.257141	1.475827
2.264283	1.486976
2.271426	1.409571
2.278569	1.479012
2.285712	1.401289
2.292855	1.445566
2.299998	1.443017
2.307141	1.667268
2.314283	1.442062
2.321426	1.359242
2.328569	1.441106
2.335712	1.407978
2.342855	1.522970
2.349998	1.578077
2.357140	1.497806
2.364283	1.388229
2.371426	1.557372
2.378569	1.324840
2.385712	1.572662
2.392855	1.363701
2.399998	1.404793
2.407140	1.523926
2.414283	1.447477
2.421426	1.560558
2.428569	1.450025
2.435712	1.411801
2.442855	1.506088
2.449998	1.411482
2.457140	1.510866
2.464283	1.531571
2.471426	1.408934
2.478569	1.499717
2.485712	1.423587
2.492855	1.472960
2.499998	1.438239
2.507140	1.597190
2.514283	1.554506
2.521426	1.531889
2.528569	1.365613
2.535712	1.286615
2.542855	1.462767
2.549997	1.587315
2.557140	1.552594
2.564283	1.469456
2.571426	1.369435
2.578569	1.515963
2.585712	1.371665
2.592855	1.440788
2.599997	1.348093
2.607140	1.408297
2.614283	1.506725
2.621426	1.459581
2.628569	1.418808
2.635712	1.374850
2.642854	1.503540
2.649997	1.459581
2.657140	1.514370
2.664283	1.418171
2.671426	1.561195
2.678569	1.386636
2.685712	1.408934
2.692854	1.566610
2.699997	1.514370
2.707140	1.404156
2.714283	1.432506
2.721426	1.538579
2.728569	1.461493
2.735712	1.381858
2.742854	1.436647
2.749997	1.520422
2.757140	1.249983
2.764283	1.457670
2.771426	1.339174
2.778569	1.576166
2.785712	1.511184
2.792854	1.394918
2.799997	1.490798
2.807140	1.441106
2.814283	1.305409
2.821426	1.573618
2.828569	1.393962
2.835711	1.391096
2.842854	1.514688
2.849997	1.279607
2.857140	1.422949
2.864283	1.492709
2.871426	1.558965
2.878569	1.406704
2.885711	1.426772
2.892854	1.404156
2.899997	1.349049
2.907140	1.477738
2.914283	1.470412
2.921426	1.487294
2.928568	1.237560
2.935711	1.479968
2.942854	1.307002
2.949997	1.590819
2.957140	1.499080
2.964283	1.458944
2.971426	1.510547
2.978568	1.470730
2.985711	1.487931
2.992854	1.317832
2.999997	1.586678
3.007140	1.413393
3.014283	1.450025
3.021426	1.473597
3.028568	1.514688
3.035711	1.428365
3.042854	1.540490
3.049997	1.498761
3.057140	1.503221
3.064283	1.465634
3.071426	1.616939
3.078568	1.416897
3.085711	1.426453
3.092854	1.537623
3.099997	1.495895
3.107140	1.361153
3.114283	1.529660
3.121425	1.469137
3.128568	1.557054
3.135711	1.535075
3.142854	1.510547
3.149997	1.378036
3.157140	1.532845
3.164283	1.394918
3.171425	1.543038
3.178568	1.373576
3.185711	1.381540
3.192854	1.378354
3.199997	1.569795
3.207140	1.516600
3.214282	1.320380
3.221425	1.540809
3.228568	1.483153
3.235711	1.370391
3.242854	1.548135
3.249997	1.548453
3.257140	1.586359
3.264282	1.346819
3.271425	1.446521
3.278568	1.423587
3.285711	1.400333
3.292854	1.511822
3.299997	1.515325
3.307140	1.425816
3.314282	1.468500
3.321425	1.514051
3.328568	1.498443
3.335711	1.552913
3.342854	1.364976
3.349997	1.425498
3.357140	1.485383
3.364282	1.521378
3.371425	1.519785
3.378568	1.325795
3.385711	1.519148
3.392854	1.600694
3.399997	1.516918
3.407139	1.442062
3.414282	1.466589
3.421425	1.513414
3.428568	1.540809
3.435711	1.384088
3.442854	1.391733
3.449997	1.420720
3.457139	1.332803
3.464282	1.467545
3.471425	1.430913
3.478568	1.542401
3.485711	1.459581
3.492854	1.481879
3.499996	1.482198
3.507139	1.438239
3.514282	1.550683
3.521425	1.372939
3.528568	1.392370
3.535711	1.523607
3.542854	1.386318
3.549996	1.458307
3.557139	1.584767
3.564282	1.427409
3.571425	1.370072
3.578568	1.381540
3.585711	1.323884
3.592854	1.393325
3.599996	1.500673
3.607139	1.421994
3.614282	1.508318
3.621425	1.390140
3.628568	1.523289
3.635711	1.308276
3.642854	1.429957
3.649996	1.499399
3.657139	1.454166
3.664282	1.550046
3.671425	1.437921
3.678568	1.551957
3.685711	1.406704
3.692853	1.479012
3.699996	1.494620
3.707139	1.321654
3.714282	1.594641
3.721425	1.376761
3.728568	1.475508
3.735711	1.552276
3.742853	1.386636
3.749996	1.406385
3.757139	1.488568
3.764282	1.508636
3.771425	1.522015
3.778568	1.535075
3.785710	1.527111
3.792853	1.346500
3.799996	1.504177
3.807139	1.501310
3.814282	1.466908
3.821425	1.309550
3.828568	1.276422
3.835710	1.486020
3.842853	1.398103
3.849996	1.533164
3.857139	1.380265
3.864282	1.388547
3.871425	1.428046
3.878568	1.506725
3.885710	1.378673
3.892853	1.286615
3.899996	1.423587
3.907139	1.403200
3.914282	1.580626
3.921425	1.648156
3.928568	1.551957
3.935710	1.606746
3.942853	1.321017
3.949996	1.368798
3.957139	1.641467
3.964282	1.533164
3.971425	1.448114
3.978567	1.470093
3.985710	1.550046
3.992853	1.413712
3.999996	1.409252
4.007139	1.412756
4.014282	1.420401
4.021425	1.480286
4.028567	1.496532
4.035710	1.501310
4.042853	1.434735
4.049996	1.576166
4.057139	1.468182
4.064282	1.538260
4.071424	1.464041
4.078567	1.416260
4.085710	1.439832
4.092853	1.609931
4.099996	1.488887
4.107139	1.543994
4.114282	1.452255
4.121424	1.531571
4.128567	1.484109
4.135710	1.340767
4.142853	1.517555
4.149996	1.483790
4.157139	1.361153
4.164282	1.488250
4.171424	1.515644
4.178567	1.431231
4.185710	1.435372
4.192853	1.483472
4.199996	1.497487
4.207139	1.401926
4.214282	1.510866
4.221424	1.506406
4.228567	1.248391
4.235710	1.462130
4.242853	1.381221
4.249996	1.472323
4.257139	1.410845
4.264281	1.507999
4.271424	1.412119
4.278567	1.493665
4.285710	1.445566
4.292853	1.533801
4.299996	1.524882
4.307139	1.331848
4.314281	1.425816
4.321424	1.367842
4.328567	1.579352
4.335710	1.558328
4.342853	1.471367
4.349996	1.392051
4.357139	1.597827
4.364281	1.554824
4.371424	1.462130
4.378567	1.422631
4.385710	1.447795
4.392853	1.488250
4.399996	1.403519
4.407138	1.479012
4.414281	1.637963
4.421424	1.430276
4.428567	1.544949
4.435710	1.490161
4.442853	1.434417
4.449996	1.421675
4.457138	1.436328
4.464281	1.567247
4.471424	1.554187
4.478567	1.508636
4.485710	1.463085
4.492853	1.631273
4.499995	1.577759
4.507138	1.543994
4.514281	1.470730
4.521424	1.478057
4.528567	1.284385
4.535710	1.288208
4.542853	1.440150
4.549995	1.522333
4.557138	1.474553
4.564281	1.482835
4.571424	1.521059
4.578567	1.377080
4.585710	1.514051
4.592853	1.602286
4.599995	1.391414
4.607138	1.398741
4.614281	1.408934
4.621424	1.386636
4.628567	1.500354
4.635710	1.409252
4.642853	1.256673
4.649995	1.489524
4.657138	1.466908
4.664281	1.423905
4.671424	1.566929
4.678567	1.378354
4.685710	1.491754
4.692852	1.367842
4.699995	1.637007
4.707138	1.417534
4.714281	1.569477
4.721424	1.315284
4.728567	1.347774
4.735710	1.552913
4.742852	1.364020
4.749995	1.518511
4.757138	1.281837
4.764281	1.498124
4.771424	1.420401
4.778567	1.395874
4.785710	1.591456
4.792852	1.434735
4.799995	1.573299
4.807138	1.610568
4.814281	1.571388
4.821424	1.247435
4.828567	1.487613
4.835709	1.473278
4.842852	1.430276
4.849995	1.441106
4.857138	1.450025
4.864281	1.383769
4.871424	1.380902
4.878567	1.444929
4.885709	1.367842
4.892852	1.555780
4.899995	1.409571
4.907138	1.466589
4.914281	1.485383
4.921424	1.403519
4.928566	1.393962
4.935709	1.413393
4.942852	1.566292
4.949995	1.493983
4.957138	1.430913
4.964281	1.329618
4.971424	1.417216
4.978566	1.414349
4.985709	1.614709
4.992852	1.445247

