LabVIEW Measurement	
Writer_Version	2
Reader_Version	2
Separator	Tab
Decimal_Separator	.
Multi_Headings	Yes
X_Columns	One
Time_Pref	Absolute
Operator	labuser
Date	2023/05/22
Time	15:55:24.9666146499995031468
***End_of_Header***	
	
Channels	1	
Samples	700	
Date	2023/05/22	
Time	15:55:24.9666146499995031468	
Y_Unit_Label	Volts	
X_Dimension	Time	
X0	0.0000000000000000E+0	
Delta_X	0.007143	
***End_of_Header***		
X_Value	Voltage	Comment
0.000000	1.688929
0.007143	1.676506
0.014286	1.681284
0.021429	1.666312
0.028571	1.694662
0.035714	1.702626
0.042857	1.683195
0.050000	1.691477
0.057143	1.685743
0.064286	1.663127
0.071429	1.680965
0.078571	1.679373
0.085714	1.678417
0.092857	1.661216
0.100000	1.674594
0.107143	1.680647
0.114286	1.679373
0.121428	1.672046
0.128571	1.685106
0.135714	1.673002
0.142857	1.684788
0.150000	1.675232
0.157143	1.689566
0.164286	1.673957
0.171428	1.700715
0.178571	1.662171
0.185714	1.685106
0.192857	1.694025
0.200000	1.676824
0.207143	1.671728
0.214285	1.689884
0.221428	1.668542
0.228571	1.681284
0.235714	1.652934
0.242857	1.687017
0.250000	1.687655
0.257143	1.647837
0.264285	1.707404
0.271428	1.663446
0.278571	1.670135
0.285714	1.674594
0.292857	1.683514
0.300000	1.669179
0.307143	1.681284
0.314285	1.682876
0.321428	1.693388
0.328571	1.654208
0.335714	1.697529
0.342857	1.667268
0.350000	1.696255
0.357143	1.653252
0.364285	1.676506
0.371428	1.660579
0.378571	1.679054
0.385714	1.673957
0.392857	1.690840
0.400000	1.706130
0.407142	1.676824
0.414285	1.670772
0.421428	1.683195
0.428571	1.684469
0.435714	1.691477
0.442857	1.707085
0.450000	1.675869
0.457142	1.692114
0.464285	1.687973
0.471428	1.657712
0.478571	1.692433
0.485714	1.662171
0.492857	1.697848
0.499999	1.672046
0.507142	1.661853
0.514285	1.702626
0.521428	1.679691
0.528571	1.685106
0.535714	1.673002
0.542857	1.679691
0.549999	1.683514
0.557142	1.676187
0.564285	1.683514
0.571428	1.686380
0.578571	1.666312
0.585714	1.685743
0.592857	1.672046
0.599999	1.678417
0.607142	1.697848
0.614285	1.672046
0.621428	1.696892
0.628571	1.672046
0.635714	1.697848
0.642857	1.666312
0.649999	1.671728
0.657142	1.668542
0.664285	1.687017
0.671428	1.677143
0.678571	1.694025
0.685714	1.690840
0.692856	1.688610
0.699999	1.613754
0.707142	1.687336
0.714285	1.690203
0.721428	1.677143
0.728571	1.634777
0.735714	1.674913
0.742856	1.678735
0.749999	1.674276
0.757142	1.668224
0.764285	1.664720
0.771428	1.677143
0.778571	1.659305
0.785713	1.702944
0.792856	1.664083
0.799999	1.683832
0.807142	1.674276
0.814285	1.703581
0.821428	1.693707
0.828571	1.695618
0.835713	1.716960
0.842856	1.637007
0.849999	1.624584
0.857142	1.661534
0.864285	1.703581
0.871428	1.673639
0.878571	1.676187
0.885713	1.697211
0.892856	1.686380
0.899999	1.691796
0.907142	1.681284
0.914285	1.700715
0.921428	1.688929
0.928570	1.662490
0.935713	1.705174
0.942856	1.664401
0.949999	1.679054
0.957142	1.704537
0.964285	1.668224
0.971428	1.691796
0.978570	1.698803
0.985713	1.682876
0.992856	1.678417
0.999999	1.706130
1.007142	1.671091
1.014285	1.686699
1.021428	1.693388
1.028570	1.681284
1.035713	1.715049
1.042856	1.632866
1.049999	1.688610
1.057142	1.672683
1.064285	1.694662
1.071427	1.692751
1.078570	1.701033
1.085713	1.686062
1.092856	1.667587
1.099999	1.709315
1.107142	1.665357
1.114285	1.682558
1.121427	1.691796
1.128570	1.707404
1.135713	1.640192
1.142856	1.663127
1.149999	1.690840
1.157142	1.666312
1.164285	1.661534
1.171427	1.682558
1.178570	1.687017
1.185713	1.681602
1.192856	1.672683
1.199999	1.682239
1.207142	1.683195
1.214284	1.696892
1.221427	1.688929
1.228570	1.678098
1.235713	1.678417
1.242856	1.693070
1.249999	1.704218
1.257142	1.687017
1.264284	1.684788
1.271427	1.666631
1.278570	1.706767
1.285713	1.667905
1.292856	1.681284
1.299999	1.673639
1.307142	1.680647
1.314284	1.677143
1.321427	1.652297
1.328570	1.705493
1.335713	1.673957
1.342856	1.691158
1.349999	1.669816
1.357141	1.675869
1.364284	1.683195
1.371427	1.684788
1.378570	1.684469
1.385713	1.688292
1.392856	1.673320
1.399999	1.687973
1.407141	1.695937
1.414284	1.654845
1.421427	1.673002
1.428570	1.696892
1.435713	1.680647
1.442856	1.690521
1.449999	1.661216
1.457141	1.680010
1.464284	1.693388
1.471427	1.669498
1.478570	1.697848
1.485713	1.687973
1.492856	1.560239
1.499999	1.693707
1.507141	1.681921
1.514284	1.715049
1.521427	1.669816
1.528570	1.697848
1.535713	1.667268
1.542856	1.690840
1.549998	1.675232
1.557141	1.691477
1.564284	1.685425
1.571427	1.671409
1.578570	1.689247
1.585713	1.683514
1.592856	1.681284
1.599998	1.690521
1.607141	1.660260
1.614284	1.674913
1.621427	1.681921
1.628570	1.678098
1.635713	1.683195
1.642856	1.697848
1.649998	1.694662
1.657141	1.694025
1.664284	1.689884
1.671427	1.703900
1.678570	1.669498
1.685713	1.688929
1.692855	1.665994
1.699998	1.661534
1.707141	1.727790
1.714284	1.669498
1.721427	1.689247
1.728570	1.685106
1.735713	1.669179
1.742855	1.698166
1.749998	1.687017
1.757141	1.689247
1.764284	1.668542
1.771427	1.705811
1.778570	1.682558
1.785713	1.698485
1.792855	1.698803
1.799998	1.672046
1.807141	1.711863
1.814284	1.714730
1.821427	1.666950
1.828570	1.682876
1.835712	1.683195
1.842855	1.693388
1.849998	1.680647
1.857141	1.690203
1.864284	1.690203
1.871427	1.672046
1.878570	1.685106
1.885712	1.671091
1.892855	1.687655
1.899998	1.693707
1.907141	1.693070
1.914284	1.677461
1.921427	1.692114
1.928570	1.686062
1.935712	1.692433
1.942855	1.703263
1.949998	1.699759
1.957141	1.673002
1.964284	1.674594
1.971427	1.691477
1.978569	1.671728
1.985712	1.698803
1.992855	1.689247
1.999998	1.696892
2.007141	1.677780
2.014284	1.708997
2.021427	1.656438
2.028569	1.690521
2.035712	1.665994
2.042855	1.695618
2.049998	1.682239
2.057141	1.689884
2.064284	1.685106
2.071426	1.689247
2.078569	1.654208
2.085712	1.678735
2.092855	1.687336
2.099998	1.685106
2.107141	1.690203
2.114284	1.694981
2.121426	1.709952
2.128569	1.674594
2.135712	1.682876
2.142855	1.660579
2.149998	1.669179
2.157141	1.683832
2.164284	1.663446
2.171426	1.714412
2.178569	1.667268
2.185712	1.665675
2.192855	1.638600
2.199998	1.681284
2.207141	1.697529
2.214284	1.666950
2.221426	1.678735
2.228569	1.673639
2.235712	1.695618
2.242855	1.686699
2.249998	1.674276
2.257141	1.688292
2.264283	1.669816
2.271426	1.709952
2.278569	1.670135
2.285712	1.692433
2.292855	1.659942
2.299998	1.719508
2.307141	1.668861
2.314283	1.634459
2.321426	1.687336
2.328569	1.685106
2.335712	1.674594
2.342855	1.698803
2.349998	1.669498
2.357140	1.680965
2.364283	1.690840
2.371426	1.685425
2.378569	1.682558
2.385712	1.675550
2.392855	1.673639
2.399998	1.689247
2.407140	1.673639
2.414283	1.700715
2.421426	1.680965
2.428569	1.668542
2.435712	1.690521
2.442855	1.694662
2.449998	1.677461
2.457140	1.669498
2.464283	1.681284
2.471426	1.673957
2.478569	1.697529
2.485712	1.690203
2.492855	1.681284
2.499998	1.674913
2.507140	1.701033
2.514283	1.657712
2.521426	1.685106
2.528569	1.678098
2.535712	1.691796
2.542855	1.673957
2.549997	1.668861
2.557140	1.650704
2.564283	1.687655
2.571426	1.708678
2.578569	1.694981
2.585712	1.673957
2.592855	1.695937
2.599997	1.700715
2.607140	1.685743
2.614283	1.629362
2.621426	1.681602
2.628569	1.687973
2.635712	1.683514
2.642854	1.687017
2.649997	1.692751
2.657140	1.707085
2.664283	1.691158
2.671426	1.677461
2.678569	1.694025
2.685712	1.689884
2.692854	1.654208
2.699997	1.699440
2.707140	1.657393
2.714283	1.662809
2.721426	1.672046
2.728569	1.679373
2.735712	1.640192
2.742854	1.668861
2.749997	1.660579
2.757140	1.674276
2.764283	1.703263
2.771426	1.694981
2.778569	1.698803
2.785712	1.707085
2.792854	1.661853
2.799997	1.692114
2.807140	1.688292
2.814283	1.676824
2.821426	1.681602
2.828569	1.685106
2.835711	1.685425
2.842854	1.684151
2.849997	1.695618
2.857140	1.676824
2.864283	1.678417
2.871426	1.661216
2.878569	1.701670
2.885711	1.707085
2.892854	1.675232
2.899997	1.696255
2.907140	1.662809
2.914283	1.687017
2.921426	1.703581
2.928568	1.688292
2.935711	1.676506
2.942854	1.690521
2.949997	1.668542
2.957140	1.694662
2.964283	1.687017
2.971426	1.682239
2.978568	1.687973
2.985711	1.696892
2.992854	1.665357
2.999997	1.719190
3.007140	1.674276
3.014283	1.689247
3.021426	1.685425
3.028568	1.678735
3.035711	1.683195
3.042854	1.683514
3.049997	1.671091
3.057140	1.679691
3.064283	1.690203
3.071426	1.682558
3.078568	1.691796
3.085711	1.671409
3.092854	1.705174
3.099997	1.674913
3.107140	1.698803
3.114283	1.686380
3.121425	1.686699
3.128568	1.671728
3.135711	1.694981
3.142854	1.686062
3.149997	1.685425
3.157140	1.678417
3.164283	1.694662
3.171425	1.672046
3.178568	1.701033
3.185711	1.697211
3.192854	1.695618
3.199997	1.673639
3.207140	1.677143
3.214282	1.683832
3.221425	1.680647
3.228568	1.680647
3.235711	1.680010
3.242854	1.698485
3.249997	1.687336
3.257140	1.671728
3.264282	1.668542
3.271425	1.684151
3.278568	1.684788
3.285711	1.693070
3.292854	1.683832
3.299997	1.694025
3.307140	1.706767
3.314282	1.692114
3.321425	1.674913
3.328568	1.682558
3.335711	1.684151
3.342854	1.682876
3.349997	1.685106
3.357140	1.697848
3.364282	1.682558
3.371425	1.685743
3.378568	1.692433
3.385711	1.671728
3.392854	1.681284
3.399997	1.630636
3.407139	1.661853
3.414282	1.691158
3.421425	1.696255
3.428568	1.673957
3.435711	1.687655
3.442854	1.697211
3.449997	1.670772
3.457139	1.691158
3.464282	1.704218
3.471425	1.674913
3.478568	1.682239
3.485711	1.685743
3.492854	1.686380
3.499996	1.705174
3.507139	1.684788
3.514282	1.673957
3.521425	1.663446
3.528568	1.662171
3.535711	1.682239
3.542854	1.640511
3.549996	1.722694
3.557139	1.691477
3.564282	1.686062
3.571425	1.661216
3.578568	1.693707
3.585711	1.703900
3.592854	1.681284
3.599996	1.679054
3.607139	1.686380
3.614282	1.671728
3.621425	1.695299
3.628568	1.695618
3.635711	1.669816
3.642854	1.693070
3.649996	1.674913
3.657139	1.629044
3.664282	1.685106
3.671425	1.679054
3.678568	1.698803
3.685711	1.689247
3.692853	1.657393
3.699996	1.671409
3.707139	1.686699
3.714282	1.694344
3.721425	1.690203
3.728568	1.679373
3.735711	1.673639
3.742853	1.682239
3.749996	1.666631
3.757139	1.689566
3.764282	1.689566
3.771425	1.679054
3.778568	1.688292
3.785710	1.683514
3.792853	1.680328
3.799996	1.713775
3.807139	1.661216
3.814282	1.700078
3.821425	1.677143
3.828568	1.659623
3.835710	1.689566
3.842853	1.687655
3.849996	1.679373
3.857139	1.681284
3.864282	1.687336
3.871425	1.712500
3.878568	1.674276
3.885710	1.681284
3.892853	1.695937
3.899996	1.668224
3.907139	1.673639
3.914282	1.651023
3.921425	1.688292
3.928568	1.668224
3.935710	1.686062
3.942853	1.679691
3.949996	1.684469
3.957139	1.694662
3.964282	1.674276
3.971425	1.693070
3.978567	1.680965
3.985710	1.668542
3.992853	1.676506
3.999996	1.687973
4.007139	1.666312
4.014282	1.693070
4.021425	1.689884
4.028567	1.701670
4.035710	1.695937
4.042853	1.640829
4.049996	1.664401
4.057139	1.705174
4.064282	1.680328
4.071424	1.687017
4.078567	1.694025
4.085710	1.686699
4.092853	1.691477
4.099996	1.673957
4.107139	1.699759
4.114282	1.682239
4.121424	1.668224
4.128567	1.680965
4.135710	1.695937
4.142853	1.689566
4.149996	1.655164
4.157139	1.690203
4.164282	1.637326
4.171424	1.688929
4.178567	1.685106
4.185710	1.676506
4.192853	1.717597
4.199996	1.663446
4.207139	1.712500
4.214282	1.665994
4.221424	1.687655
4.228567	1.673639
4.235710	1.687973
4.242853	1.685106
4.249996	1.686380
4.257139	1.704218
4.264281	1.672683
4.271424	1.672046
4.278567	1.678417
4.285710	1.690203
4.292853	1.678098
4.299996	1.688929
4.307139	1.679054
4.314281	1.648156
4.321424	1.671728
4.328567	1.686062
4.335710	1.674913
4.342853	1.606109
4.349996	1.689884
4.357139	1.676506
4.364281	1.672683
4.371424	1.681921
4.378567	1.676187
4.385710	1.680965
4.392853	1.681602
4.399996	1.683832
4.407138	1.713775
4.414281	1.694662
4.421424	1.688929
4.428567	1.695299
4.435710	1.669179
4.442853	1.696574
4.449996	1.669179
4.457138	1.670772
4.464281	1.680965
4.471424	1.677780
4.478567	1.661216
4.485710	1.690203
4.492853	1.680965
4.499995	1.695618
4.507138	1.679691
4.514281	1.687017
4.521424	1.682239
4.528567	1.679054
4.535710	1.706767
4.542853	1.668224
4.549995	1.687973
4.557138	1.690203
4.564281	1.688292
4.571424	1.682876
4.578567	1.694662
4.585710	1.687336
4.592853	1.669816
4.599995	1.656438
4.607138	1.665038
4.614281	1.680647
4.621424	1.687655
4.628567	1.664720
4.635710	1.686062
4.642853	1.695299
4.649995	1.690840
4.657138	1.694025
4.664281	1.676824
4.671424	1.681921
4.678567	1.690203
4.685710	1.692751
4.692852	1.697529
4.699995	1.686380
4.707138	1.687973
4.714281	1.679373
4.721424	1.674276
4.728567	1.676187
4.735710	1.712500
4.742852	1.659942
4.749995	1.698485
4.757138	1.657712
4.764281	1.703263
4.771424	1.640192
4.778567	1.696574
4.785710	1.675550
4.792852	1.687655
4.799995	1.691796
4.807138	1.687973
4.814281	1.683195
4.821424	1.690203
4.828567	1.677143
4.835709	1.657075
4.842852	1.691477
4.849995	1.682876
4.857138	1.696255
4.864281	1.691796
4.871424	1.730020
4.878567	1.679691
4.885709	1.686062
4.892852	1.696255
4.899995	1.687336
4.907138	1.677780
4.914281	1.688292
4.921424	1.682239
4.928566	1.689247
4.935709	1.679691
4.942852	1.684788
4.949995	1.672365
4.957138	1.678098
4.964281	1.691158
4.971424	1.673957
4.978566	1.691477
4.985709	1.709634
4.992852	1.680647

