LabVIEW Measurement	
Writer_Version	2
Reader_Version	2
Separator	Tab
Decimal_Separator	.
Multi_Headings	Yes
X_Columns	One
Time_Pref	Absolute
Operator	labuser
Date	2023/05/22
Time	14:45:47.4232686999997809888
***End_of_Header***	
	
Channels	1	
Samples	700	
Date	2023/05/22	
Time	15:40:08.8657901499995553531	
Y_Unit_Label	Volts	
X_Dimension	Time	
X0	0.0000000000000000E+0	
Delta_X	0.007143	
***End_of_Header***		
X_Value	Voltage	Comment
0.000000	1.644015
0.007143	1.644652
0.014286	1.641467
0.021429	1.635096
0.028571	1.634140
0.035714	1.645289
0.042857	1.638600
0.050000	1.639237
0.057143	1.633185
0.064286	1.617576
0.071429	1.626495
0.078571	1.628406
0.085714	1.621717
0.092857	1.630636
0.100000	1.615346
0.107143	1.629362
0.114286	1.624584
0.121428	1.623947
0.128571	1.622673
0.135714	1.620124
0.142857	1.611524
0.150000	1.635096
0.157143	1.613117
0.164286	1.580307
0.171428	1.565017
0.178571	1.631592
0.185714	1.608020
0.192857	1.608020
0.200000	1.619806
0.207143	1.620124
0.214285	1.627451
0.221428	1.621399
0.228571	1.618850
0.235714	1.633185
0.242857	1.616939
0.250000	1.633822
0.257143	1.622354
0.264285	1.644970
0.271428	1.653889
0.278571	1.671728
0.285714	1.644333
0.292857	1.636370
0.300000	1.665675
0.307143	1.675550
0.314285	1.679373
0.321428	1.675232
0.328571	1.657075
0.335714	1.683832
0.342857	1.663446
0.350000	1.662809
0.357143	1.652297
0.364285	1.687336
0.371428	1.651978
0.378571	1.646245
0.385714	1.647837
0.392857	1.646882
0.400000	1.646245
0.407142	1.643059
0.414285	1.646245
0.421428	1.635096
0.428571	1.640829
0.435714	1.642422
0.442857	1.639237
0.450000	1.637963
0.457142	1.636370
0.464285	1.635414
0.471428	1.625221
0.478571	1.633822
0.485714	1.631592
0.492857	1.635733
0.499999	1.637963
0.507142	1.635414
0.514285	1.628406
0.521428	1.627132
0.528571	1.620124
0.535714	1.610887
0.542857	1.620124
0.549999	1.620443
0.557142	1.597508
0.564285	1.615983
0.571428	1.625540
0.578571	1.613117
0.585714	1.642741
0.592857	1.601012
0.599999	1.631910
0.607142	1.611524
0.614285	1.601012
0.621428	1.617258
0.628571	1.612480
0.635714	1.610568
0.642857	1.607383
0.649999	1.625221
0.657142	1.640829
0.664285	1.683195
0.671428	1.633822
0.678571	1.660897
0.685714	1.653889
0.692856	1.656119
0.699999	1.653252
0.707142	1.667587
0.714285	1.661853
0.721428	1.672365
0.728571	1.663127
0.735714	1.668224
0.742856	1.674913
0.749999	1.661216
0.757142	1.665038
0.764285	1.674276
0.771428	1.671091
0.778571	1.652615
0.785713	1.660579
0.792856	1.650386
0.799999	1.646882
0.807142	1.646245
0.814285	1.644652
0.821428	1.643378
0.828571	1.643696
0.835713	1.642104
0.842856	1.637326
0.849999	1.625540
0.857142	1.639555
0.864285	1.628725
0.871428	1.624265
0.878571	1.627451
0.885713	1.601012
0.892856	1.625858
0.899999	1.629362
0.907142	1.618850
0.914285	1.622673
0.921428	1.623628
0.928570	1.618532
0.935713	1.604516
0.942856	1.578077
0.949999	1.596871
0.957142	1.578077
0.964285	1.606109
0.971428	1.631592
0.978570	1.637644
0.985713	1.598145
0.992856	1.635733
0.999999	1.644652
1.007142	1.629044
1.014285	1.625540
1.021428	1.628406
1.028570	1.613754
1.035713	1.593367
1.042856	1.599738
1.049999	1.634459
1.057142	1.635414
1.064285	1.636051
1.071427	1.628406
1.078570	1.644652
1.085713	1.640511
1.092856	1.655482
1.099999	1.657075
1.107142	1.666631
1.114285	1.646245
1.121427	1.666312
1.128570	1.642422
1.135713	1.676506
1.142856	1.679054
1.149999	1.666950
1.157142	1.670772
1.164285	1.660260
1.171427	1.679054
1.178570	1.662809
1.185713	1.670772
1.192856	1.659942
1.199999	1.656119
1.207142	1.667587
1.214284	1.667268
1.221427	1.658986
1.228570	1.661534
1.235713	1.656119
1.242856	1.657393
1.249999	1.658668
1.257142	1.658030
1.264284	1.646882
1.271427	1.658668
1.278570	1.648474
1.285713	1.649430
1.292856	1.646882
1.299999	1.644652
1.307142	1.644970
1.314284	1.642741
1.321427	1.646882
1.328570	1.642104
1.335713	1.636688
1.342856	1.637963
1.349999	1.636688
1.357141	1.639555
1.364284	1.635096
1.371427	1.621080
1.378570	1.636688
1.385713	1.625221
1.392856	1.628406
1.399999	1.632866
1.407141	1.629362
1.414284	1.605790
1.421427	1.617895
1.428570	1.598145
1.435713	1.623947
1.442856	1.616939
1.449999	1.622036
1.457141	1.575529
1.464284	1.610568
1.471427	1.634459
1.478570	1.600057
1.485713	1.629362
1.492856	1.608976
1.499999	1.624584
1.507141	1.650386
1.514284	1.611842
1.521427	1.635414
1.528570	1.632866
1.535713	1.630318
1.542856	1.627769
1.549998	1.612798
1.557141	1.620443
1.564284	1.603879
1.571427	1.651660
1.578570	1.625858
1.585713	1.651978
1.592856	1.667905
1.599998	1.663446
1.607141	1.662809
1.614284	1.673639
1.621427	1.666631
1.628570	1.656119
1.635713	1.679054
1.642856	1.659623
1.649998	1.663764
1.657141	1.662171
1.664284	1.657393
1.671427	1.659305
1.678570	1.654208
1.685713	1.651341
1.692855	1.644970
1.699998	1.638281
1.707141	1.642422
1.714284	1.642741
1.721427	1.645289
1.728570	1.637007
1.735713	1.639237
1.742855	1.637644
1.749998	1.631910
1.757141	1.637007
1.764284	1.627132
1.771427	1.631592
1.778570	1.615665
1.785713	1.627769
1.792855	1.614709
1.799998	1.628088
1.807141	1.622991
1.814284	1.615346
1.821427	1.620443
1.828570	1.622354
1.835712	1.619806
1.842855	1.575211
1.849998	1.598464
1.857141	1.589545
1.864284	1.577440
1.871427	1.633822
1.878570	1.627132
1.885712	1.588589
1.892855	1.637963
1.899998	1.628725
1.907141	1.599419
1.914284	1.627132
1.921427	1.658349
1.928570	1.633185
1.935712	1.591456
1.942855	1.625858
1.949998	1.628725
1.957141	1.637326
1.964284	1.661216
1.971427	1.661853
1.978569	1.651660
1.985712	1.672046
1.992855	1.615665
1.999998	1.651660
2.007141	1.642422
2.014284	1.644333
2.021427	1.651978
2.028569	1.654208
2.035712	1.666312
2.042855	1.680328
2.049998	1.671409
2.057141	1.659942
2.064284	1.665357
2.071426	1.662809
2.078569	1.661853
2.085712	1.653252
2.092855	1.655164
2.099998	1.652934
2.107141	1.649430
2.114284	1.653571
2.121426	1.649430
2.128569	1.645289
2.135712	1.646245
2.142855	1.639555
2.149998	1.637007
2.157141	1.641785
2.164284	1.634459
2.171426	1.629044
2.178569	1.635096
2.185712	1.635733
2.192855	1.640192
2.199998	1.620762
2.207141	1.636688
2.214284	1.633822
2.221426	1.620762
2.228569	1.627132
2.235712	1.624584
2.242855	1.614709
2.249998	1.622354
2.257141	1.628725
2.264283	1.628406
2.271426	1.614072
2.278569	1.623628
2.285712	1.628725
2.292855	1.613117
2.299998	1.613435
2.307141	1.591456
2.314283	1.611205
2.321426	1.600057
2.328569	1.605153
2.335712	1.599101
2.342855	1.594004
2.349998	1.608339
2.357140	1.616939
2.364283	1.601968
2.371426	1.622354
2.378569	1.632866
2.385712	1.637007
2.392855	1.579670
2.399998	1.625540
2.407140	1.638281
2.414283	1.641148
2.421426	1.652297
2.428569	1.629999
2.435712	1.636688
2.442855	1.632547
2.449998	1.661534
2.457140	1.641785
2.464283	1.641467
2.471426	1.635414
2.478569	1.645289
2.485712	1.636688
2.492855	1.648156
2.499998	1.651023
2.507140	1.654208
2.514283	1.659942
2.521426	1.590500
2.528569	1.638918
2.535712	1.668861
2.542855	1.671409
2.549997	1.656756
2.557140	1.671728
2.564283	1.677143
2.571426	1.663764
2.578569	1.657075
2.585712	1.672683
2.592855	1.658668
2.599997	1.663446
2.607140	1.662809
2.614283	1.660897
2.621426	1.657393
2.628569	1.653889
2.635712	1.652297
2.642854	1.648474
2.649997	1.650067
2.657140	1.645608
2.664283	1.640192
2.671426	1.642104
2.678569	1.643059
2.685712	1.641785
2.692854	1.635096
2.699997	1.638600
2.707140	1.631592
2.714283	1.636688
2.721426	1.631910
2.728569	1.631910
2.735712	1.647837
2.742854	1.640192
2.749997	1.631273
2.757140	1.627451
2.764283	1.615028
2.771426	1.622354
2.778569	1.629999
2.785712	1.623310
2.792854	1.631910
2.799997	1.620124
2.807140	1.613754
2.814283	1.572662
2.821426	1.629681
2.828569	1.622673
2.835711	1.621717
2.842854	1.626495
2.849997	1.589863
2.857140	1.624584
2.864283	1.626177
2.871426	1.632866
2.878569	1.596553
2.885711	1.631910
2.892854	1.629681
2.899997	1.648156
2.907140	1.607064
2.914283	1.605472
2.921426	1.626814
2.928568	1.612480
2.935711	1.657075
2.942854	1.628088
2.949997	1.607701
2.957140	1.615346
2.964283	1.651023
2.971426	1.679054
2.978568	1.655164
2.985711	1.658668
2.992854	1.661534
2.999997	1.656438
3.007140	1.660260
3.014283	1.662809
3.021426	1.648474
3.028568	1.664083
3.035711	1.661853
3.042854	1.671409
3.049997	1.665675
3.057140	1.665357
3.064283	1.669179
3.071426	1.665038
3.078568	1.660579
3.085711	1.657075
3.092854	1.655482
3.099997	1.658668
3.107140	1.655801
3.114283	1.651341
3.121425	1.654208
3.128568	1.649430
3.135711	1.643059
3.142854	1.644333
3.149997	1.643696
3.157140	1.644015
3.164283	1.634777
3.171425	1.637644
3.178568	1.633503
3.185711	1.637963
3.192854	1.631910
3.199997	1.631592
3.207140	1.633185
3.214282	1.630318
3.221425	1.622673
3.228568	1.627132
3.235711	1.627451
3.242854	1.622036
3.249997	1.618213
3.257140	1.621399
3.264282	1.628725
3.271425	1.615983
3.278568	1.618532
3.285711	1.578715
3.292854	1.612798
3.299997	1.547498
3.307140	1.633185
3.314282	1.584767
3.321425	1.620762
3.328568	1.564062
3.335711	1.617576
3.342854	1.582218
3.349997	1.630955
3.357140	1.602923
3.364282	1.617576
3.371425	1.642104
3.378568	1.622991
3.385711	1.625858
3.392854	1.640829
3.399997	1.615028
3.407139	1.632866
3.414282	1.611524
3.421425	1.620762
3.428568	1.658986
3.435711	1.648474
3.442854	1.622673
3.449997	1.648793
3.457139	1.647837
3.464282	1.661853
3.471425	1.646882
3.478568	1.628725
3.485711	1.641785
3.492854	1.648793
3.499996	1.609613
3.507139	1.673639
3.514282	1.648793
3.521425	1.686062
3.528568	1.655164
3.535711	1.646563
3.542854	1.657393
3.549996	1.623947
3.557139	1.666631
3.564282	1.665675
3.571425	1.654208
3.578568	1.672365
3.585711	1.671409
3.592854	1.662809
3.599996	1.659942
3.607139	1.697848
3.614282	1.676824
3.621425	1.661216
3.628568	1.659623
3.635711	1.662171
3.642854	1.660579
3.649996	1.666631
3.657139	1.675232
3.664282	1.660897
3.671425	1.660260
3.678568	1.667268
3.685711	1.658986
3.692853	1.658349
3.699996	1.661216
3.707139	1.656119
3.714282	1.658986
3.721425	1.656756
3.728568	1.654208
3.735711	1.657712
3.742853	1.652615
3.749996	1.658986
3.757139	1.650704
3.764282	1.651023
3.771425	1.650386
3.778568	1.648793
3.785710	1.650386
3.792853	1.653252
3.799996	1.648156
3.807139	1.649430
3.814282	1.651660
3.821425	1.647200
3.828568	1.646245
3.835710	1.641785
3.842853	1.646563
3.849996	1.644015
3.857139	1.645608
3.864282	1.644652
3.871425	1.645926
3.878568	1.641467
3.885710	1.632866
3.892853	1.639237
3.899996	1.634140
3.907139	1.637007
3.914282	1.631910
3.921425	1.638918
3.928568	1.629681
3.935710	1.657075
3.942853	1.629999
3.949996	1.631592
3.957139	1.640511
3.964282	1.628725
3.971425	1.621399
3.978567	1.632547
3.985710	1.631910
3.992853	1.624903
3.999996	1.624903
4.007139	1.629681
4.014282	1.627451
4.021425	1.627451
4.028567	1.631273
4.035710	1.629044
4.042853	1.618532
4.049996	1.630636
4.057139	1.613117
4.064282	1.606746
4.071424	1.622673
4.078567	1.635096
4.085710	1.537305
4.092853	1.625540
4.099996	1.629044
4.107139	1.559921
4.114282	1.592412
4.121424	1.629999
4.128567	1.628406
4.135710	1.579989
4.142853	1.625540
4.149996	1.653252
4.157139	1.588908
4.164282	1.629362
4.171424	1.632547
4.178567	1.621717
4.185710	1.583174
4.192853	1.621080
4.199996	1.594323
4.207139	1.619806
4.214282	1.594004
4.221424	1.591138
4.228567	1.603879
4.235710	1.630955
4.242853	1.624584
4.249996	1.621080
4.257139	1.635096
4.264281	1.601649
4.271424	1.634140
4.278567	1.637007
4.285710	1.652297
4.292853	1.629044
4.299996	1.590500
4.307139	1.599101
4.314281	1.601012
4.321424	1.615346
4.328567	1.635096
4.335710	1.636051
4.342853	1.640511
4.349996	1.632229
4.357139	1.643059
4.364281	1.615665
4.371424	1.636688
4.378567	1.650067
4.385710	1.583493
4.392853	1.618532
4.399996	1.622673
4.407138	1.639237
4.414281	1.658986
4.421424	1.641785
4.428567	1.615665
4.435710	1.635414
4.442853	1.664083
4.449996	1.650067
4.457138	1.658349
4.464281	1.657075
4.471424	1.648793
4.478567	1.655801
4.485710	1.667905
4.492853	1.561832
4.499995	1.665994
4.507138	1.668861
4.514281	1.662171
4.521424	1.665357
4.528567	1.662490
4.535710	1.658030
4.542853	1.659942
4.549995	1.658349
4.557138	1.661216
4.564281	1.659942
4.571424	1.654845
4.578567	1.653889
4.585710	1.656119
4.592853	1.664720
4.599995	1.659942
4.607138	1.648793
4.614281	1.651660
4.621424	1.650704
4.628567	1.655482
4.635710	1.660897
4.642853	1.652934
4.649995	1.652934
4.657138	1.652615
4.664281	1.653889
4.671424	1.650386
4.678567	1.651341
4.685710	1.645289
4.692852	1.645926
4.699995	1.647837
4.707138	1.651660
4.714281	1.649430
4.721424	1.646882
4.728567	1.652934
4.735710	1.648793
4.742852	1.645289
4.749995	1.646563
4.757138	1.647837
4.764281	1.644015
4.771424	1.646563
4.778567	1.642422
4.785710	1.640192
4.792852	1.635414
4.799995	1.639874
4.807138	1.640829
4.814281	1.610568
4.821424	1.642104
4.828567	1.636370
4.835709	1.637007
4.842852	1.636370
4.849995	1.635733
4.857138	1.625540
4.864281	1.637326
4.871424	1.629681
4.878567	1.635096
4.885709	1.631273
4.892852	1.633822
4.899995	1.640511
4.907138	1.629999
4.914281	1.633185
4.921424	1.635414
4.928566	1.629999
4.935709	1.635733
4.942852	1.629044
4.949995	1.634459
4.957138	1.622036
4.964281	1.618850
4.971424	1.620762
4.978566	1.628088
4.985709	1.617576
4.992852	1.627451

