LabVIEW Measurement	
Writer_Version	2
Reader_Version	2
Separator	Tab
Decimal_Separator	.
Multi_Headings	Yes
X_Columns	One
Time_Pref	Absolute
Operator	labuser
Date	2023/05/22
Time	14:45:47.4232686999997809888
***End_of_Header***	
	
Channels	1	
Samples	700	
Date	2023/05/22	
Time	15:29:13.9497339499995118875	
Y_Unit_Label	Volts	
X_Dimension	Time	
X0	0.0000000000000000E+0	
Delta_X	0.007143	
***End_of_Header***		
X_Value	Voltage	Comment
0.000000	1.582856
0.007143	1.558965
0.014286	1.593049
0.021429	1.535393
0.028571	1.536986
0.035714	1.578077
0.042857	1.542720
0.050000	1.538579
0.057143	1.522970
0.064286	1.620443
0.071429	1.603560
0.078571	1.535075
0.085714	1.546861
0.092857	1.559921
0.100000	1.564380
0.107143	1.542720
0.114286	1.572025
0.121428	1.536030
0.128571	1.642741
0.135714	1.581581
0.142857	1.574574
0.150000	1.640192
0.157143	1.552913
0.164286	1.524563
0.171428	1.622036
0.178571	1.581581
0.185714	1.617576
0.192857	1.581581
0.200000	1.616302
0.207143	1.651978
0.214285	1.639237
0.221428	1.649430
0.228571	1.682876
0.235714	1.604516
0.242857	1.634459
0.250000	1.580307
0.257143	1.592093
0.264285	1.617258
0.271428	1.637644
0.278571	1.592730
0.285714	1.642741
0.292857	1.635733
0.300000	1.632866
0.307143	1.653571
0.314285	1.630636
0.321428	1.630318
0.328571	1.631273
0.335714	1.646245
0.342857	1.633822
0.350000	1.631592
0.357143	1.629044
0.364285	1.632229
0.371428	1.626495
0.378571	1.640192
0.385714	1.635733
0.392857	1.632866
0.400000	1.629044
0.407142	1.633822
0.414285	1.634140
0.421428	1.634777
0.428571	1.637963
0.435714	1.637963
0.442857	1.640192
0.450000	1.636688
0.457142	1.638281
0.464285	1.624584
0.471428	1.626177
0.478571	1.597827
0.485714	1.645289
0.492857	1.642422
0.499999	1.623947
0.507142	1.627451
0.514285	1.627132
0.521428	1.634140
0.528571	1.627769
0.535714	1.616621
0.542857	1.643059
0.549999	1.639237
0.557142	1.581581
0.564285	1.621399
0.571428	1.637007
0.578571	1.604198
0.585714	1.631910
0.592857	1.639555
0.599999	1.629999
0.607142	1.642741
0.614285	1.606746
0.621428	1.634459
0.628571	1.635414
0.635714	1.590500
0.642857	1.641467
0.649999	1.634459
0.657142	1.631273
0.664285	1.637326
0.671428	1.642741
0.678571	1.607383
0.685714	1.631910
0.692856	1.637326
0.699999	1.633185
0.707142	1.623628
0.714285	1.623310
0.721428	1.507681
0.728571	1.642104
0.735714	1.622354
0.742856	1.628088
0.749999	1.624584
0.757142	1.641467
0.764285	1.644970
0.771428	1.628725
0.778571	1.608339
0.785713	1.631273
0.792856	1.639874
0.799999	1.634140
0.807142	1.627451
0.814285	1.623628
0.821428	1.634140
0.828571	1.615983
0.835713	1.600694
0.842856	1.635733
0.849999	1.616302
0.857142	1.637007
0.864285	1.583174
0.871428	1.628088
0.878571	1.615983
0.885713	1.638600
0.892856	1.615665
0.899999	1.626177
0.907142	1.632229
0.914285	1.616939
0.921428	1.640829
0.928570	1.635414
0.935713	1.624584
0.942856	1.631592
0.949999	1.647519
0.957142	1.644015
0.964285	1.543357
0.971428	1.607383
0.978570	1.588589
0.985713	1.630955
0.992856	1.655801
0.999999	1.634140
1.007142	1.587952
1.014285	1.644970
1.021428	1.623628
1.028570	1.611205
1.035713	1.562469
1.042856	1.566292
1.049999	1.546861
1.057142	1.553869
1.064285	1.543994
1.071427	1.575211
1.078570	1.613117
1.085713	1.577440
1.092856	1.549409
1.099999	1.549728
1.107142	1.548772
1.114285	1.533801
1.121427	1.579033
1.128570	1.564380
1.135713	1.568521
1.142856	1.577759
1.149999	1.517237
1.157142	1.529978
1.164285	1.584130
1.171427	1.597190
1.178570	1.589545
1.185713	1.594960
1.192856	1.582218
1.199999	1.573936
1.207142	1.586041
1.214284	1.607064
1.221427	1.585404
1.228570	1.618850
1.235713	1.593049
1.242856	1.606746
1.249999	1.617576
1.257142	1.617895
1.264284	1.611842
1.271427	1.612480
1.278570	1.620762
1.285713	1.625221
1.292856	1.619169
1.299999	1.624265
1.307142	1.616302
1.314284	1.637007
1.321427	1.626177
1.328570	1.629681
1.335713	1.629044
1.342856	1.635733
1.349999	1.626814
1.357141	1.671409
1.364284	1.615346
1.371427	1.642104
1.378570	1.620443
1.385713	1.594641
1.392856	1.639874
1.399999	1.638281
1.407141	1.631273
1.414284	1.616621
1.421427	1.647837
1.428570	1.593367
1.435713	1.644333
1.442856	1.652615
1.449999	1.646563
1.457141	1.630636
1.464284	1.611524
1.471427	1.646563
1.478570	1.634140
1.485713	1.617576
1.492856	1.651341
1.499999	1.620124
1.507141	1.645608
1.514284	1.619806
1.521427	1.657712
1.528570	1.623628
1.535713	1.602286
1.542856	1.653571
1.549998	1.661853
1.557141	1.643059
1.564284	1.631910
1.571427	1.629999
1.578570	1.641467
1.585713	1.636370
1.592856	1.649111
1.599998	1.636051
1.607141	1.642104
1.614284	1.658668
1.621427	1.643059
1.628570	1.646245
1.635713	1.646563
1.642856	1.665994
1.649998	1.634140
1.657141	1.637644
1.664284	1.636688
1.671427	1.638281
1.678570	1.639555
1.685713	1.633503
1.692855	1.629681
1.699998	1.638281
1.707141	1.630636
1.714284	1.623628
1.721427	1.611524
1.728570	1.629362
1.735713	1.615028
1.742855	1.629044
1.749998	1.619806
1.757141	1.639874
1.764284	1.632866
1.771427	1.635733
1.778570	1.637007
1.785713	1.604835
1.792855	1.626177
1.799998	1.666312
1.807141	1.615665
1.814284	1.640511
1.821427	1.653571
1.828570	1.647837
1.835712	1.629044
1.842855	1.639237
1.849998	1.622036
1.857141	1.637644
1.864284	1.587952
1.871427	1.585404
1.878570	1.579033
1.885712	1.590500
1.892855	1.567247
1.899998	1.522970
1.907141	1.524563
1.914284	1.569795
1.921427	1.630955
1.928570	1.510229
1.935712	1.572662
1.942855	1.573936
1.949998	1.554824
1.957141	1.602286
1.964284	1.603242
1.971427	1.558647
1.978569	1.603242
1.985712	1.618213
1.992855	1.596871
1.999998	1.608020
2.007141	1.624265
2.014284	1.621717
2.021427	1.616621
2.028569	1.622673
2.035712	1.618850
2.042855	1.604516
2.049998	1.601649
2.057141	1.631273
2.064284	1.637007
2.071426	1.626814
2.078569	1.605790
2.085712	1.630955
2.092855	1.633822
2.099998	1.643059
2.107141	1.628725
2.114284	1.651660
2.121426	1.639874
2.128569	1.644970
2.135712	1.657393
2.142855	1.637963
2.149998	1.636051
2.157141	1.612798
2.164284	1.645926
2.171426	1.631592
2.178569	1.581263
2.185712	1.607383
2.192855	1.641467
2.199998	1.647200
2.207141	1.652297
2.214284	1.654208
2.221426	1.640192
2.228569	1.644970
2.235712	1.629362
2.242855	1.639874
2.249998	1.632547
2.257141	1.634777
2.264283	1.634777
2.271426	1.626814
2.278569	1.637326
2.285712	1.610887
2.292855	1.635414
2.299998	1.639555
2.307141	1.617895
2.314283	1.634140
2.321426	1.631592
2.328569	1.622673
2.335712	1.631592
2.342855	1.638918
2.349998	1.594960
2.357140	1.632547
2.364283	1.626177
2.371426	1.547179
2.378569	1.608657
2.385712	1.557372
2.392855	1.546861
2.399998	1.556735
2.407140	1.534756
2.414283	1.543675
2.421426	1.537942
2.428569	1.566292
2.435712	1.586997
2.442855	1.574255
2.449998	1.566292
2.457140	1.591456
2.464283	1.617895
2.471426	1.601968
2.478569	1.614709
2.485712	1.621080
2.492855	1.618850
2.499998	1.613117
2.507140	1.611205
2.514283	1.621080
2.521426	1.629044
2.528569	1.644970
2.535712	1.630636
2.542855	1.604198
2.549997	1.600057
2.557140	1.644333
2.564283	1.636370
2.571426	1.603242
2.578569	1.596234
2.585712	1.630955
2.592855	1.569158
2.599997	1.654527
2.607140	1.686380
2.614283	1.634140
2.621426	1.656756
2.628569	1.639237
2.635712	1.624584
2.642854	1.632866
2.649997	1.635414
2.657140	1.637007
2.664283	1.632866
2.671426	1.637644
2.678569	1.630636
2.685712	1.639237
2.692854	1.637644
2.699997	1.636370
2.707140	1.634777
2.714283	1.637326
2.721426	1.630318
2.728569	1.624903
2.735712	1.626177
2.742854	1.639237
2.749997	1.639874
2.757140	1.640192
2.764283	1.633185
2.771426	1.611205
2.778569	1.586678
2.785712	1.572981
2.792854	1.587634
2.799997	1.635096
2.807140	1.626177
2.814283	1.613435
2.821426	1.642422
2.828569	1.538579
2.835711	1.558647
2.842854	1.547179
2.849997	1.555780
2.857140	1.573299
2.864283	1.535712
2.871426	1.563743
2.878569	1.494939
2.885711	1.570114
2.892854	1.543994
2.899997	1.563743
2.907140	1.594323
2.914283	1.599738
2.921426	1.582218
2.928568	1.595597
2.935711	1.595597
2.942854	1.592730
2.949997	1.549728
2.957140	1.611205
2.964283	1.595597
2.971426	1.612480
2.978568	1.600694
2.985711	1.610568
2.992854	1.615665
2.999997	1.619169
3.007140	1.571388
3.014283	1.619806
3.021426	1.624584
3.028568	1.637644
3.035711	1.633503
3.042854	1.634459
3.049997	1.620124
3.057140	1.644333
3.064283	1.647200
3.071426	1.595279
3.078568	1.629999
3.085711	1.568840
3.092854	1.641785
3.099997	1.660897
3.107140	1.594960
3.114283	1.672046
3.121425	1.643059
3.128568	1.630636
3.135711	1.636051
3.142854	1.629362
3.149997	1.629044
3.157140	1.647200
3.164283	1.641785
3.171425	1.638281
3.178568	1.640192
3.185711	1.637326
3.192854	1.641785
3.199997	1.644333
3.207140	1.629044
3.214282	1.637326
3.221425	1.602923
3.228568	1.630955
3.235711	1.631273
3.242854	1.632229
3.249997	1.639237
3.257140	1.627451
3.264282	1.651023
3.271425	1.621399
3.278568	1.635096
3.285711	1.631592
3.292854	1.606109
3.299997	1.631273
3.307140	1.633822
3.314282	1.630318
3.321425	1.621399
3.328568	1.543038
3.335711	1.619806
3.342854	1.594960
3.349997	1.596553
3.357140	1.597508
3.364282	1.583811
3.371425	1.559921
3.378568	1.621080
3.385711	1.581900
3.392854	1.515325
3.399997	1.558010
3.407139	1.603560
3.414282	1.511822
3.421425	1.552276
3.428568	1.514688
3.435711	1.583811
3.442854	1.600057
3.449997	1.597190
3.457139	1.615983
3.464282	1.607701
3.471425	1.612480
3.478568	1.608339
3.485711	1.613117
3.492854	1.619169
3.499996	1.620443
3.507139	1.625858
3.514282	1.642422
3.521425	1.626177
3.528568	1.600375
3.535711	1.628088
3.542854	1.628725
3.549996	1.620443
3.557139	1.629044
3.564282	1.622354
3.571425	1.605472
3.578568	1.628088
3.585711	1.629362
3.592854	1.647837
3.599996	1.663127
3.607139	1.634140
3.614282	1.624265
3.621425	1.646563
3.628568	1.636370
3.635711	1.640829
3.642854	1.643378
3.649996	1.640829
3.657139	1.640511
3.664282	1.636370
3.671425	1.634459
3.678568	1.637007
3.685711	1.631592
3.692853	1.639555
3.699996	1.628725
3.707139	1.639555
3.714282	1.639237
3.721425	1.638281
3.728568	1.628088
3.735711	1.640511
3.742853	1.634140
3.749996	1.640511
3.757139	1.645289
3.764282	1.629999
3.771425	1.639555
3.778568	1.655482
3.785710	1.633185
3.792853	1.638281
3.799996	1.579989
3.807139	1.644652
3.814282	1.644333
3.821425	1.635096
3.828568	1.582537
3.835710	1.592730
3.842853	1.637007
3.849996	1.609294
3.857139	1.658986
3.864282	1.654208
3.871425	1.560239
3.878568	1.570433
3.885710	1.636370
3.892853	1.543994
3.899996	1.562469
3.907139	1.540809
3.914282	1.600375
3.921425	1.542083
3.928568	1.577122
3.935710	1.570114
3.942853	1.533801
3.949996	1.619169
3.957139	1.557372
3.964282	1.626177
3.971425	1.566929
3.978567	1.587952
3.985710	1.594323
3.992853	1.615028
3.999996	1.601012
4.007139	1.598145
4.014282	1.576166
4.021425	1.600375
4.028567	1.610887
4.035710	1.613435
4.042853	1.612480
4.049996	1.603242
4.057139	1.614709
4.064282	1.617258
4.071424	1.617258
4.078567	1.631592
4.085710	1.613754
4.092853	1.605472
4.099996	1.608657
4.107139	1.630955
4.114282	1.596553
4.121424	1.621717
4.128567	1.609931
4.135710	1.616302
4.142853	1.634140
4.149996	1.648474
4.157139	1.616621
4.164282	1.537942
4.171424	1.665038
4.178567	1.637644
4.185710	1.608976
4.192853	1.641148
4.199996	1.642422
4.207139	1.651978
4.214282	1.644652
4.221424	1.637326
4.228567	1.641148
4.235710	1.639555
4.242853	1.637326
4.249996	1.634459
4.257139	1.633503
4.264281	1.631592
4.271424	1.639237
4.278567	1.639237
4.285710	1.634459
4.292853	1.629681
4.299996	1.634459
4.307139	1.636051
4.314281	1.625540
4.321424	1.637326
4.328567	1.634459
4.335710	1.628088
4.342853	1.634459
4.349996	1.637644
4.357139	1.636688
4.364281	1.635096
4.371424	1.639237
4.378567	1.636688
4.385710	1.617576
4.392853	1.635096
4.399996	1.625540
4.407138	1.614709
4.414281	1.629362
4.421424	1.573618
4.428567	1.622036
4.435710	1.579352
4.442853	1.630318
4.449996	1.630636
4.457138	1.584767
4.464281	1.611205
4.471424	1.646245
4.478567	1.581581
4.485710	1.622354
4.492853	1.549728
4.499995	1.587315
4.507138	1.630636
4.514281	1.582218
4.521424	1.586997
4.528567	1.507681
4.535710	1.622673
4.542853	1.548135
4.549995	1.546542
4.557138	1.606109
4.564281	1.623947
4.571424	1.536986
4.578567	1.553869
4.585710	1.562151
4.592853	1.557372
4.599995	1.569158
4.607138	1.570433
4.614281	1.595916
4.621424	1.624903
4.628567	1.610250
4.635710	1.533801
4.642853	1.586678
4.649995	1.619806
4.657138	1.620124
4.664281	1.615983
4.671424	1.615346
4.678567	1.620443
4.685710	1.618213
4.692852	1.615983
4.699995	1.629044
4.707138	1.628406
4.714281	1.606109
4.721424	1.623947
4.728567	1.626814
4.735710	1.619806
4.742852	1.628406
4.749995	1.615983
4.757138	1.622036
4.764281	1.627769
4.771424	1.620443
4.778567	1.625858
4.785710	1.614709
4.792852	1.635733
4.799995	1.610568
4.807138	1.588589
4.814281	1.617895
4.821424	1.630636
4.828567	1.628088
4.835709	1.600057
4.842852	1.660260
4.849995	1.615665
4.857138	1.613435
4.864281	1.574255
4.871424	1.603560
4.878567	1.650704
4.885709	1.601331
4.892852	1.655164
4.899995	1.615983
4.907138	1.667905
4.914281	1.644652
4.921424	1.656119
4.928566	1.646563
4.935709	1.623947
4.942852	1.646563
4.949995	1.639555
4.957138	1.644015
4.964281	1.624265
4.971424	1.641785
4.978566	1.655801
4.985709	1.647837
4.992852	1.636051

