LabVIEW Measurement	
Writer_Version	2
Reader_Version	2
Separator	Tab
Decimal_Separator	.
Multi_Headings	Yes
X_Columns	One
Time_Pref	Absolute
Operator	labuser
Date	2023/05/22
Time	14:45:47.4232686999997809888
***End_of_Header***	

Channels	1	
Samples	700	
Date	2023/05/22	
Time	15:34:41.4150831499997888154	
Y_Unit_Label	Volts	
X_Dimension	Time	
X0	4.9999950000000002E+0	
Delta_X	0.007143	
***End_of_Header***		
X_Value	Voltage	Comment
4.999995	1.641467
5.007138	1.645289
5.014281	1.644015
5.021424	1.647519
5.028566	1.644652
5.035709	1.645289
5.042852	1.642422
5.049995	1.643378
5.057138	1.645289
5.064281	1.644970
5.071423	1.645289
5.078566	1.644333
5.085709	1.644015
5.092852	1.643378
5.099995	1.645926
5.107138	1.644970
5.114281	1.646882
5.121423	1.644015
5.128566	1.646882
5.135709	1.644652
5.142852	1.648793
5.149995	1.644652
5.157138	1.645608
5.164281	1.643378
5.171423	1.645608
5.178566	1.644652
5.185709	1.647519
5.192852	1.645289
5.199995	1.645289
5.207138	1.644333
5.214281	1.644333
5.221423	1.645289
5.228566	1.644015
5.235709	1.645289
5.242852	1.642741
5.249995	1.645926
5.257138	1.644652
5.264280	1.647200
5.271423	1.645289
5.278566	1.646563
5.285709	1.643059
5.292852	1.646245
5.299995	1.645289
5.307138	1.647519
5.314280	1.645289
5.321423	1.644970
5.328566	1.643059
5.335709	1.643696
5.342852	1.644970
5.349995	1.644652
5.357138	1.645289
5.364280	1.643059
5.371423	1.644015
5.378566	1.642741
5.385709	1.646245
5.392852	1.643059
5.399995	1.644970
5.407137	1.641467
5.414280	1.644970
5.421423	1.641785
5.428566	1.646245
5.435709	1.643378
5.442852	1.643696
5.449995	1.640511
5.457137	1.644015
5.464280	1.642104
5.471423	1.646882
5.478566	1.642422
5.485709	1.644333
5.492852	1.641148
5.499994	1.643696
5.507137	1.643378
5.514280	1.646245
5.521423	1.643696
5.528566	1.644333
5.535709	1.640829
5.542852	1.643378
5.549994	1.643696
5.557137	1.646882
5.564280	1.643696
5.571423	1.645289
5.578566	1.641785
5.585709	1.645608
5.592852	1.643378
5.599994	1.647519
5.607137	1.643696
5.614280	1.645608
5.621423	1.642422
5.628566	1.645608
5.635709	1.643378
5.642851	1.646882
5.649994	1.644970
5.657137	1.645608
5.664280	1.642422
5.671423	1.645926
5.678566	1.644015
5.685709	1.646245
5.692851	1.644652
5.699994	1.644652
5.707137	1.642741
5.714280	1.644333
5.721423	1.644970
5.728566	1.645926
5.735709	1.645608
5.742851	1.644333
5.749994	1.643378
5.757137	1.643378
5.764280	1.645289
5.771423	1.644652
5.778566	1.645926
5.785709	1.642741
5.792851	1.645289
5.799994	1.644015
5.807137	1.646882
5.814280	1.644015
5.821423	1.646563
5.828566	1.642422
5.835708	1.646245
5.842851	1.644015
5.849994	1.647837
5.857137	1.644333
5.864280	1.646245
5.871423	1.642104
5.878566	1.645926
5.885708	1.644970
5.892851	1.647837
5.899994	1.644970
5.907137	1.646563
5.914280	1.642422
5.921423	1.645608
5.928566	1.644970
5.935708	1.647519
5.942851	1.644970
5.949994	1.646563
5.957137	1.643378
5.964280	1.646563
5.971423	1.645289
5.978565	1.649430
5.985708	1.646245
5.992851	1.646882
5.999994	1.643059
6.007137	1.645289
6.014280	1.644652
6.021423	1.648474
6.028565	1.645608
6.035708	1.646882
6.042851	1.643378
6.049994	1.646245
6.057137	1.644652
6.064280	1.648474
6.071422	1.644970
6.078565	1.645608
6.085708	1.643378
6.092851	1.645608
6.099994	1.644970
6.107137	1.647837
6.114280	1.644970
6.121422	1.645926
6.128565	1.644015
6.135708	1.645608
6.142851	1.645608
6.149994	1.646882
6.157137	1.646245
6.164280	1.645608
6.171422	1.645289
6.178565	1.645608
6.185708	1.647200
6.192851	1.645608
6.199994	1.646882
6.207137	1.645289
6.214279	1.646563
6.221422	1.645289
6.228565	1.647200
6.235708	1.646563
6.242851	1.647837
6.249994	1.645608
6.257137	1.646245
6.264279	1.646245
6.271422	1.647837
6.278565	1.647837
6.285708	1.646563
6.292851	1.645608
6.299994	1.645608
6.307137	1.645289
6.314279	1.646563
6.321422	1.645608
6.328565	1.646563
6.335708	1.645289
6.342851	1.645289
6.349994	1.645289
6.357137	1.646882
6.364279	1.645289
6.371422	1.647200
6.378565	1.644015
6.385708	1.646882
6.392851	1.645289
6.399994	1.647837
6.407136	1.644970
6.414279	1.645608
6.421422	1.642741
6.428565	1.645608
6.435708	1.645289
6.442851	1.647519
6.449994	1.645289
6.457136	1.644970
6.464279	1.644015
6.471422	1.644970
6.478565	1.644970
6.485708	1.647519
6.492851	1.645608
6.499994	1.644970
6.507136	1.643378
6.514279	1.645289
6.521422	1.646245
6.528565	1.645926
6.535708	1.645289
6.542851	1.643059
6.549993	1.644970
6.557136	1.643378
6.564279	1.647519
6.571422	1.643378
6.578565	1.644652
6.585708	1.642741
6.592851	1.644333
6.599993	1.644015
6.607136	1.647837
6.614279	1.645289
6.621422	1.645608
6.628565	1.643059
6.635708	1.645926
6.642850	1.644015
6.649993	1.647519
6.657136	1.644970
6.664279	1.645608
6.671422	1.642741
6.678565	1.646245
6.685708	1.644970
6.692850	1.649749
6.699993	1.645926
6.707136	1.647200
6.714279	1.643059
6.721422	1.644652
6.728565	1.645289
6.735708	1.648474
6.742850	1.645608
6.749993	1.645608
6.757136	1.643378
6.764279	1.645608
6.771422	1.644333
6.778565	1.648156
6.785707	1.645289
6.792850	1.644652
6.799993	1.643378
6.807136	1.644970
6.814279	1.645289
6.821422	1.646882
6.828565	1.646245
6.835707	1.645289
6.842850	1.642422
6.849993	1.645926
6.857136	1.644970
6.864279	1.646563
6.871422	1.644970
6.878565	1.646245
6.885707	1.642104
6.892850	1.645608
6.899993	1.644652
6.907136	1.647519
6.914279	1.645289
6.921422	1.646245
6.928565	1.642422
6.935707	1.645289
6.942850	1.644970
6.949993	1.647200
6.957136	1.645289
6.964279	1.644333
6.971422	1.642422
6.978564	1.644652
6.985707	1.645289
6.992850	1.646563
6.999993	1.646245
7.007136	1.644652
7.014279	1.645608
7.021422	1.643696
7.028564	1.646563
7.035707	1.644015
7.042850	1.645289
7.049993	1.642741
7.057136	1.644333
7.064279	1.645608
7.071421	1.645926
7.078564	1.645926
7.085707	1.644652
7.092850	1.645608
7.099993	1.644333
7.107136	1.646882
7.114279	1.644652
7.121421	1.645608
7.128564	1.641785
7.135707	1.644652
7.142850	1.643696
7.149993	1.646245
7.157136	1.643059
7.164279	1.644015
7.171421	1.641467
7.178564	1.645289
7.185707	1.643696
7.192850	1.647200
7.199993	1.643696
7.207136	1.644015
7.214278	1.641785
7.221421	1.643696
7.228564	1.644333
7.235707	1.645608
7.242850	1.645289
7.249993	1.644652
7.257136	1.641785
7.264278	1.644333
7.271421	1.644652
7.278564	1.644652
7.285707	1.644970
7.292850	1.642741
7.299993	1.644333
7.307136	1.643059
7.314278	1.645608
7.321421	1.644970
7.328564	1.638281
7.335707	1.643378
7.342850	1.645926
7.349993	1.644015
7.357136	1.647519
7.364278	1.644015
7.371421	1.645289
7.378564	1.641467
7.385707	1.644970
7.392850	1.643059
7.399993	1.646882
7.407135	1.643378
7.414278	1.646245
7.421421	1.642104
7.428564	1.644652
7.435707	1.644015
7.442850	1.647837
7.449993	1.644015
7.457135	1.644970
7.464278	1.641785
7.471421	1.645608
7.478564	1.644652
7.485707	1.646245
7.492850	1.644970
7.499993	1.645289
7.507135	1.643696
7.514278	1.643378
7.521421	1.643378
7.528564	1.644652
7.535707	1.644970
7.542850	1.644333
7.549992	1.644015
7.557135	1.643059
7.564278	1.643696
7.571421	1.644970
7.578564	1.644970
7.585707	1.644333
7.592850	1.643378
7.599992	1.644333
7.607135	1.643059
7.614278	1.646245
7.621421	1.644333
7.628564	1.645608
7.635707	1.642104
7.642849	1.644015
7.649992	1.643378
7.657135	1.647200
7.664278	1.644333
7.671421	1.644333
7.678564	1.641785
7.685707	1.643696
7.692849	1.643378
7.699992	1.646882
7.707135	1.644333
7.714278	1.644333
7.721421	1.642104
7.728564	1.644333
7.735707	1.645289
7.742849	1.646245
7.749992	1.643696
7.757135	1.643696
7.764278	1.641785
7.771421	1.644015
7.778564	1.644015
7.785706	1.645289
7.792849	1.644015
7.799992	1.644015
7.807135	1.643696
7.814278	1.644333
7.821421	1.644015
7.828564	1.645608
7.835706	1.645608
7.842849	1.644652
7.849992	1.642741
7.857135	1.644015
7.864278	1.645289
7.871421	1.646245
7.878564	1.645608
7.885706	1.644333
7.892849	1.644015
7.899992	1.643378
7.907135	1.645926
7.914278	1.644333
7.921421	1.644333
7.928564	1.641785
7.935706	1.644333
7.942849	1.644333
7.949992	1.648474
7.957135	1.644652
7.964278	1.644970
7.971421	1.642104
7.978563	1.645289
7.985706	1.644970
7.992849	1.646245
7.999992	1.644970
8.007135	1.643378
8.014278	1.644970
8.021421	1.643378
8.028563	1.647200
8.035706	1.643696
8.042849	1.645289
8.049992	1.642104
8.057135	1.644333
8.064278	1.644970
8.071421	1.645289
8.078563	1.645289
8.085706	1.642741
8.092849	1.645608
8.099992	1.643696
8.107135	1.647200
8.114278	1.644333
8.121420	1.644652
8.128563	1.642422
8.135706	1.645289
8.142849	1.645289
8.149992	1.645608
8.157135	1.646245
8.164278	1.643696
8.171420	1.644970
8.178563	1.643696
8.185706	1.647519
8.192849	1.644970
8.199992	1.646563
8.207135	1.641785
8.214277	1.645289
8.221420	1.644333
8.228563	1.647200
8.235706	1.644970
8.242849	1.643378
8.249992	1.644333
8.257135	1.643378
8.264277	1.646882
8.271420	1.644652
8.278563	1.645608
8.285706	1.641785
8.292849	1.645289
8.299992	1.644652
8.307135	1.646245
8.314277	1.644015
8.321420	1.644333
8.328563	1.644015
8.335706	1.644015
8.342849	1.645608
8.349992	1.645926
8.357135	1.645608
8.364277	1.644015
8.371420	1.645608
8.378563	1.645289
8.385706	1.648474
8.392849	1.644970
8.399992	1.645926
8.407134	1.643378
8.414277	1.645289
8.421420	1.645926
8.428563	1.644970
8.435706	1.645926
8.442849	1.641785
8.449992	1.646245
8.457134	1.645289
8.464277	1.648474
8.471420	1.644015
8.478563	1.645289
8.485706	1.643696
8.492849	1.644015
8.499992	1.645608
8.507134	1.644652
8.514277	1.645608
8.521420	1.644333
8.528563	1.644970
8.535706	1.644333
8.542849	1.647519
8.549991	1.644015
8.557134	1.645289
8.564277	1.643059
8.571420	1.645926
8.578563	1.644333
8.585706	1.647519
8.592849	1.644333
8.599991	1.645608
8.607134	1.642104
8.614277	1.644970
8.621420	1.645289
8.628563	1.645926
8.635706	1.644652
8.642848	1.643696
8.649991	1.643696
8.657134	1.644015
8.664277	1.645926
8.671420	1.644970
8.678563	1.645289
8.685706	1.643059
8.692848	1.645608
8.699991	1.644015
8.707134	1.647519
8.714277	1.644333
8.721420	1.644652
8.728563	1.642104
8.735706	1.644333
8.742848	1.644652
8.749991	1.645608
8.757134	1.644652
8.764277	1.644015
8.771420	1.643696
8.778563	1.643059
8.785706	1.647200
8.792848	1.644015
8.799991	1.644970
8.807134	1.642104
8.814277	1.644970
8.821420	1.645608
8.828563	1.647200
8.835705	1.645926
8.842848	1.644333
8.849991	1.645289
8.857134	1.644333
8.864277	1.646563
8.871420	1.644333
8.878563	1.645926
8.885705	1.641467
8.892848	1.644970
8.899991	1.644015
8.907134	1.648156
8.914277	1.646245
8.921420	1.645289
8.928562	1.645289
8.935705	1.643378
8.942848	1.647200
8.949991	1.644652
8.957134	1.645608
8.964277	1.642104
8.971420	1.646245
8.978562	1.644652
8.985705	1.647200
8.992848	1.646563
8.999991	1.644333
9.007134	1.645926
9.014277	1.644333
9.021420	1.647837
9.028562	1.643696
9.035705	1.645289
9.042848	1.641785
9.049991	1.645289
9.057134	1.644970
9.064277	1.647837
9.071419	1.646245
9.078562	1.645289
9.085705	1.643696
9.092848	1.644652
9.099991	1.645289
9.107134	1.646882
9.114277	1.644333
9.121419	1.644333
9.128562	1.642422
9.135705	1.643059
9.142848	1.644333
9.149991	1.646563
9.157134	1.644652
9.164277	1.643378
9.171419	1.643696
9.178562	1.644015
9.185705	1.644652
9.192848	1.644333
9.199991	1.645926
9.207134	1.641785
9.214277	1.644970
9.221419	1.643378
9.228562	1.647200
9.235705	1.643696
9.242848	1.644970
9.249991	1.643378
9.257134	1.644333
9.264276	1.645289
9.271419	1.645608
9.278562	1.645926
9.285705	1.642741
9.292848	1.645289
9.299991	1.644970
9.307134	1.647837
9.314276	1.643696
9.321419	1.644970
9.328562	1.642104
9.335705	1.642741
9.342848	1.643378
9.349991	1.644015
9.357133	1.644333
9.364276	1.642104
9.371419	1.644333
9.378562	1.643696
9.385705	1.647519
9.392848	1.642741
9.399991	1.645608
9.407133	1.640829
9.414276	1.644015
9.421419	1.643378
9.428562	1.645926
9.435705	1.644015
9.442848	1.643059
9.449991	1.642741
9.457133	1.643696
9.464276	1.645926
9.471419	1.644333
9.478562	1.645926
9.485705	1.641785
9.492848	1.644652
9.499990	1.643696
9.507133	1.646563
9.514276	1.644015
9.521419	1.642741
9.528562	1.641148
9.535705	1.644015
9.542848	1.645289
9.549990	1.644970
9.557133	1.644970
9.564276	1.643696
9.571419	1.642741
9.578562	1.643696
9.585705	1.643378
9.592848	1.645289
9.599990	1.643696
9.607133	1.642104
9.614276	1.643696
9.621419	1.643378
9.628562	1.644970
9.635705	1.644652
9.642848	1.644652
9.649990	1.642741
9.657133	1.646245
9.664276	1.642422
9.671419	1.645926
9.678562	1.644015
9.685705	1.644333
9.692847	1.642104
9.699990	1.644015
9.707133	1.643378
9.714276	1.646882
9.721419	1.644015
9.728562	1.644333
9.735705	1.642104
9.742847	1.643059
9.749990	1.644652
9.757133	1.644015
9.764276	1.644333
9.771419	1.643378
9.778562	1.644652
9.785704	1.644333
9.792847	1.646882
9.799990	1.644333
9.807133	1.645926
9.814276	1.642741
9.821419	1.645608
9.828562	1.643696
9.835704	1.647200
9.842847	1.643696
9.849990	1.645289
9.857133	1.642741
9.864276	1.646563
9.871419	1.644970
9.878562	1.647200
9.885704	1.646245
9.892847	1.645608
9.899990	1.644333
9.907133	1.644970
9.914276	1.645926
9.921419	1.644970
9.928561	1.646245
9.935704	1.642741
9.942847	1.646563
9.949990	1.644970
9.957133	1.647519
9.964276	1.644652
9.971419	1.645289
9.978561	1.644015
9.985704	1.644333
9.992847	1.645608

