LabVIEW Measurement	
Writer_Version	2
Reader_Version	2
Separator	Tab
Decimal_Separator	.
Multi_Headings	Yes
X_Columns	One
Time_Pref	Absolute
Operator	labuser
Date	2023/05/22
Time	15:57:22.0712777499999667469
***End_of_Header***	
	
Channels	1	
Samples	700	
Date	2023/05/22	
Time	15:57:22.0712777499999667469	
Y_Unit_Label	Volts	
X_Dimension	Time	
X0	0.0000000000000000E+0	
Delta_X	0.007143	
***End_of_Header***		
X_Value	Voltage	Comment
0.000000	1.408297
0.007143	1.531252
0.014286	1.654845
0.021429	1.717279
0.028571	1.631592
0.035714	1.668861
0.042857	1.653571
0.050000	1.530934
0.057143	1.645608
0.064286	1.416260
0.071429	1.561513
0.078571	1.499080
0.085714	1.557372
0.092857	1.677143
0.100000	1.622354
0.107143	1.605790
0.114286	1.675869
0.121428	1.618850
0.128571	1.664401
0.135714	1.515007
0.142857	1.628725
0.150000	1.660260
0.157143	1.666950
0.164286	1.333122
0.171428	1.648474
0.178571	1.558010
0.185714	1.579670
0.192857	1.655801
0.200000	1.687336
0.207143	1.591775
0.214285	1.642422
0.221428	1.543038
0.228571	1.506406
0.235714	1.483153
0.242857	1.642104
0.250000	1.642741
0.257143	1.679054
0.264285	1.613117
0.271428	1.647200
0.278571	1.519148
0.285714	1.694981
0.292857	1.610887
0.300000	1.662809
0.307143	1.583493
0.314285	1.598145
0.321428	1.663764
0.328571	1.603879
0.335714	1.688929
0.342857	1.584130
0.350000	1.570751
0.357143	1.617895
0.364285	1.626177
0.371428	1.397148
0.378571	1.496532
0.385714	1.636688
0.392857	1.566292
0.400000	1.417853
0.407142	1.669816
0.414285	1.569795
0.421428	1.420083
0.428571	1.539534
0.435714	1.644970
0.442857	1.445247
0.450000	1.622354
0.457142	1.569795
0.464285	1.601968
0.471428	1.517237
0.478571	1.584767
0.485714	1.660897
0.492857	1.602286
0.499999	1.648793
0.507142	1.614391
0.514285	1.524882
0.521428	1.593686
0.528571	1.681602
0.535714	1.662809
0.542857	1.686062
0.549999	1.586359
0.557142	1.625221
0.564285	1.603879
0.571428	1.639237
0.578571	1.558647
0.585714	1.567566
0.592857	1.651341
0.599999	1.572662
0.607142	1.637326
0.614285	1.543357
0.621428	1.593049
0.628571	1.617258
0.635714	1.668224
0.642857	1.543994
0.649999	1.509910
0.657142	1.378354
0.664285	1.696574
0.671428	1.652934
0.678571	1.637644
0.685714	1.590182
0.692856	1.490480
0.699999	1.630636
0.707142	1.528386
0.714285	1.618850
0.721428	1.628406
0.728571	1.564062
0.735714	1.649749
0.742856	1.629044
0.749999	1.477419
0.757142	1.528067
0.764285	1.615346
0.771428	1.563743
0.778571	1.587634
0.785713	1.669816
0.792856	1.622354
0.799999	1.552594
0.807142	1.640829
0.814285	1.642741
0.821428	1.504177
0.828571	1.406704
0.835713	1.670772
0.842856	1.570114
0.849999	1.608020
0.857142	1.639237
0.864285	1.654208
0.871428	1.652297
0.878571	1.564699
0.885713	1.530297
0.892856	1.694344
0.899999	1.595279
0.907142	1.678735
0.914285	1.674276
0.921428	1.635414
0.928570	1.665038
0.935713	1.673002
0.942856	1.670135
0.949999	1.632866
0.957142	1.637644
0.964285	1.624584
0.971428	1.608976
0.978570	1.649430
0.985713	1.670772
0.992856	1.561832
0.999999	1.526474
1.007142	1.597827
1.014285	1.529023
1.021428	1.663764
1.028570	1.601968
1.035713	1.645926
1.042856	1.571388
1.049999	1.446521
1.057142	1.609613
1.064285	1.441425
1.071427	1.579670
1.078570	1.492391
1.085713	1.596234
1.092856	1.645926
1.099999	1.602286
1.107142	1.464678
1.114285	1.693388
1.121427	1.655164
1.128570	1.570751
1.135713	1.545268
1.142856	1.507999
1.149999	1.691158
1.157142	1.639555
1.164285	1.613754
1.171427	1.670772
1.178570	1.668542
1.185713	1.634777
1.192856	1.639237
1.199999	1.549728
1.207142	1.616939
1.214284	1.603879
1.221427	1.577122
1.228570	1.608339
1.235713	1.459581
1.242856	1.583493
1.249999	1.579033
1.257142	1.658986
1.264284	1.572662
1.271427	1.370709
1.278570	1.552276
1.285713	1.600375
1.292856	1.660260
1.299999	1.671409
1.307142	1.389184
1.314284	1.517874
1.321427	1.652297
1.328570	1.660579
1.335713	1.618850
1.342856	1.561513
1.349999	1.654208
1.357141	1.670772
1.364284	1.502902
1.371427	1.575211
1.378570	1.480605
1.385713	1.616939
1.392856	1.571388
1.399999	1.658986
1.407141	1.648474
1.414284	1.657393
1.421427	1.609931
1.428570	1.610887
1.435713	1.629044
1.442856	1.665357
1.449999	1.663127
1.457141	1.385999
1.464284	1.477738
1.471427	1.468500
1.478570	1.568203
1.485713	1.334396
1.492856	1.492391
1.499999	1.585722
1.507141	1.544949
1.514284	1.555143
1.521427	1.653889
1.528570	1.528704
1.535713	1.596234
1.542856	1.608020
1.549998	1.659305
1.557141	1.630955
1.564284	1.573936
1.571427	1.627769
1.578570	1.693388
1.585713	1.602923
1.592856	1.670453
1.599998	1.676187
1.607141	1.635414
1.614284	1.591456
1.621427	1.554824
1.628570	1.530297
1.635713	1.613435
1.642856	1.686062
1.649998	1.598145
1.657141	1.634140
1.664284	1.580626
1.671427	1.672365
1.678570	1.651660
1.685713	1.548772
1.692855	1.534756
1.699998	1.625540
1.707141	1.683832
1.714284	1.633503
1.721427	1.572662
1.728570	1.673957
1.735713	1.712182
1.742855	1.525837
1.749998	1.339492
1.757141	1.557691
1.764284	1.688929
1.771427	1.562788
1.778570	1.678735
1.785713	1.615665
1.792855	1.575211
1.799998	1.680965
1.807141	1.634459
1.814284	1.662809
1.821427	1.612798
1.828570	1.585085
1.835712	1.525519
1.842855	1.682558
1.849998	1.583493
1.857141	1.536668
1.864284	1.543357
1.871427	1.675550
1.878570	1.596234
1.885712	1.416897
1.892855	1.529341
1.899998	1.656119
1.907141	1.577759
1.914284	1.627769
1.921427	1.636370
1.928570	1.707085
1.935712	1.631910
1.942855	1.639237
1.949998	1.613117
1.957141	1.624903
1.964284	1.661853
1.971427	1.577759
1.978569	1.630318
1.985712	1.627769
1.992855	1.622673
1.999998	1.613435
2.007141	1.605153
2.014284	1.527111
2.021427	1.641467
2.028569	1.586359
2.035712	1.597508
2.042855	1.568840
2.049998	1.539853
2.057141	1.517874
2.064284	1.592730
2.071426	1.638281
2.078569	1.485064
2.085712	1.634140
2.092855	1.585404
2.099998	1.656756
2.107141	1.508955
2.114284	1.673320
2.121426	1.546224
2.128569	1.414986
2.135712	1.676187
2.142855	1.660897
2.149998	1.656438
2.157141	1.631273
2.164284	1.616302
2.171426	1.542720
2.178569	1.645608
2.185712	1.616939
2.192855	1.677143
2.199998	1.508318
2.207141	1.673957
2.214284	1.695937
2.221426	1.578077
2.228569	1.624903
2.235712	1.644015
2.242855	1.669816
2.249998	1.617576
2.257141	1.663446
2.264283	1.683832
2.271426	1.663764
2.278569	1.552913
2.285712	1.587315
2.292855	1.443973
2.299998	1.697848
2.307141	1.528067
2.314283	1.639874
2.321426	1.648793
2.328569	1.614391
2.335712	1.507681
2.342855	1.652934
2.349998	1.624265
2.357140	1.618213
2.364283	1.630636
2.371426	1.673957
2.378569	1.551002
2.385712	1.613435
2.392855	1.611842
2.399998	1.629362
2.407140	1.476782
2.414283	1.639555
2.421426	1.557691
2.428569	1.667268
2.435712	1.614072
2.442855	1.595279
2.449998	1.572662
2.457140	1.613754
2.464283	1.674594
2.471426	1.594323
2.478569	1.611842
2.485712	1.436965
2.492855	1.553231
2.499998	1.561513
2.507140	1.481560
2.514283	1.393962
2.521426	1.615983
2.528569	1.606746
2.535712	1.526474
2.542855	1.603879
2.549997	1.666950
2.557140	1.615983
2.564283	1.633822
2.571426	1.639555
2.578569	1.584448
2.585712	1.548772
2.592855	1.656438
2.599997	1.608020
2.607140	1.471686
2.614283	1.687017
2.621426	1.627132
2.628569	1.521059
2.635712	1.528704
2.642854	1.565017
2.649997	1.657075
2.657140	1.544312
2.664283	1.429639
2.671426	1.531889
2.678569	1.694025
2.685712	1.641148
2.692854	1.686062
2.699997	1.686380
2.707140	1.633503
2.714283	1.575848
2.721426	1.590819
2.728569	1.654208
2.735712	1.698166
2.742854	1.657393
2.749997	1.608976
2.757140	1.651341
2.764283	1.687655
2.771426	1.558647
2.778569	1.504177
2.785712	1.565654
2.792854	1.683832
2.799997	1.636051
2.807140	1.573618
2.814283	1.464996
2.821426	1.710589
2.828569	1.618213
2.835711	1.589226
2.842854	1.645608
2.849997	1.492072
2.857140	1.599419
2.864283	1.676187
2.871426	1.554187
2.878569	1.543038
2.885711	1.492391
2.892854	1.662490
2.899997	1.588271
2.907140	1.663446
2.914283	1.506088
2.921426	1.612161
2.928568	1.520741
2.935711	1.635733
2.942854	1.651341
2.949997	1.637644
2.957140	1.648474
2.964283	1.533164
2.971426	1.646245
2.978568	1.708359
2.985711	1.569795
2.992854	1.605472
2.999997	1.632866
3.007140	1.674276
3.014283	1.653889
3.021426	1.584130
3.028568	1.653889
3.035711	1.661534
3.042854	1.494939
3.049997	1.579352
3.057140	1.475508
3.064283	1.661216
3.071426	1.567247
3.078568	1.693070
3.085711	1.629999
3.092854	1.595279
3.099997	1.623628
3.107140	1.522652
3.114283	1.655801
3.121425	1.586041
3.128568	1.599419
3.135711	1.482835
3.142854	1.612161
3.149997	1.649111
3.157140	1.617895
3.164283	1.602605
3.171425	1.643059
3.178568	1.555143
3.185711	1.551002
3.192854	1.568521
3.199997	1.619806
3.207140	1.524563
3.214282	1.645926
3.221425	1.654208
3.228568	1.485064
3.235711	1.635414
3.242854	1.636688
3.249997	1.655801
3.257140	1.593049
3.264282	1.651341
3.271425	1.671091
3.278568	1.635414
3.285711	1.589863
3.292854	1.638600
3.299997	1.604516
3.307140	1.599419
3.314282	1.554824
3.321425	1.622673
3.328568	1.636370
3.335711	1.643059
3.342854	1.640829
3.349997	1.492072
3.357140	1.685106
3.364282	1.662809
3.371425	1.595916
3.378568	1.607701
3.385711	1.565654
3.392854	1.637963
3.399997	1.578715
3.407139	1.622036
3.414282	1.602923
3.421425	1.441106
3.428568	1.661534
3.435711	1.487294
3.442854	1.519148
3.449997	1.637644
3.457139	1.498761
3.464282	1.579352
3.471425	1.575848
3.478568	1.678735
3.485711	1.588908
3.492854	1.679691
3.499996	1.598464
3.507139	1.467226
3.514282	1.603242
3.521425	1.621399
3.528568	1.615028
3.535711	1.531252
3.542854	1.642741
3.549996	1.444291
3.557139	1.658349
3.564282	1.531889
3.571425	1.541764
3.578568	1.676506
3.585711	1.581263
3.592854	1.645926
3.599996	1.474553
3.607139	1.617895
3.614282	1.671409
3.621425	1.510547
3.628568	1.647200
3.635711	1.520741
3.642854	1.507362
3.649996	1.583174
3.657139	1.609613
3.664282	1.673957
3.671425	1.625221
3.678568	1.565973
3.685711	1.446521
3.692853	1.654527
3.699996	1.658986
3.707139	1.642422
3.714282	1.648156
3.721425	1.671409
3.728568	1.512140
3.735711	1.634777
3.742853	1.680010
3.749996	1.646563
3.757139	1.621717
3.764282	1.656438
3.771425	1.510547
3.778568	1.684151
3.785710	1.659623
3.792853	1.534438
3.799996	1.603560
3.807139	1.544631
3.814282	1.649430
3.821425	1.552594
3.828568	1.521378
3.835710	1.486020
3.842853	1.655801
3.849996	1.554824
3.857139	1.581900
3.864282	1.666312
3.871425	1.536986
3.878568	1.519785
3.885710	1.602605
3.892853	1.622991
3.899996	1.596871
3.907139	1.668542
3.914282	1.656438
3.921425	1.650067
3.928568	1.655164
3.935710	1.563743
3.942853	1.498761
3.949996	1.499717
3.957139	1.626814
3.964282	1.685743
3.971425	1.643059
3.978567	1.563743
3.985710	1.674913
3.992853	1.557691
3.999996	1.613754
4.007139	1.681921
4.014282	1.645289
4.021425	1.593367
4.028567	1.565017
4.035710	1.687336
4.042853	1.671091
4.049996	1.629681
4.057139	1.639555
4.064282	1.531889
4.071424	1.668224
4.078567	1.552276
4.085710	1.570114
4.092853	1.558647
4.099996	1.461493
4.107139	1.427728
4.114282	1.621717
4.121424	1.359560
4.128567	1.618850
4.135710	1.674276
4.142853	1.341404
4.149996	1.662490
4.157139	1.643378
4.164282	1.676506
4.171424	1.527430
4.178567	1.605153
4.185710	1.624265
4.192853	1.594960
4.199996	1.636688
4.207139	1.554187
4.214282	1.690203
4.221424	1.487613
4.228567	1.471367
4.235710	1.605153
4.242853	1.490480
4.249996	1.612161
4.257139	1.573618
4.264281	1.506088
4.271424	1.654845
4.278567	1.603560
4.285710	1.648793
4.292853	1.633185
4.299996	1.690840
4.307139	1.618850
4.314281	1.640829
4.321424	1.656438
4.328567	1.662809
4.335710	1.628088
4.342853	1.355101
4.349996	1.613117
4.357139	1.599738
4.364281	1.671409
4.371424	1.593686
4.378567	1.622036
4.385710	1.598464
4.392853	1.710271
4.399996	1.594641
4.407138	1.382177
4.414281	1.641467
4.421424	1.546224
4.428567	1.669498
4.435710	1.447795
4.442853	1.617895
4.449996	1.648793
4.457138	1.668542
4.464281	1.500354
4.471424	1.596553
4.478567	1.528067
4.485710	1.631273
4.492853	1.651978
4.499995	1.625221
4.507138	1.640192
4.514281	1.682239
4.521424	1.644970
4.528567	1.610887
4.535710	1.660897
4.542853	1.598464
4.549995	1.578077
4.557138	1.613754
4.564281	1.593049
4.571424	1.650067
4.578567	1.515963
4.585710	1.645289
4.592853	1.658030
4.599995	1.679054
4.607138	1.675550
4.614281	1.569477
4.621424	1.654845
4.628567	1.588908
4.635710	1.615346
4.642853	1.472641
4.649995	1.637963
4.657138	1.591775
4.664281	1.642741
4.671424	1.601649
4.678567	1.603560
4.685710	1.577759
4.692852	1.607064
4.699995	1.421675
4.707138	1.651660
4.714281	1.684788
4.721424	1.662171
4.728567	1.468182
4.735710	1.647837
4.742852	1.498124
4.749995	1.602286
4.757138	1.625221
4.764281	1.407978
4.771424	1.625858
4.778567	1.648793
4.785710	1.551002
4.792852	1.615346
4.799995	1.663127
4.807138	1.602923
4.814281	1.623947
4.821424	1.500036
4.828567	1.558965
4.835709	1.635096
4.842852	1.600694
4.849995	1.652934
4.857138	1.655801
4.864281	1.592412
4.871424	1.611524
4.878567	1.652934
4.885709	1.628725
4.892852	1.532208
4.899995	1.529023
4.907138	1.562151
4.914281	1.624265
4.921424	1.346500
4.928566	1.681602
4.935709	1.643696
4.942852	1.633822
4.949995	1.628725
4.957138	1.640829
4.964281	1.631910
4.971424	1.486976
4.978566	1.640192
4.985709	1.529660
4.992852	1.523926

