LabVIEW Measurement	
Writer_Version	2
Reader_Version	2
Separator	Tab
Decimal_Separator	.
Multi_Headings	Yes
X_Columns	One
Time_Pref	Absolute
Operator	labuser
Date	2023/05/22
Time	15:58:07.1964608499999019278
***End_of_Header***	
	
Channels	1	
Samples	700	
Date	2023/05/22	
Time	15:58:07.1964608499999019278	
Y_Unit_Label	Volts	
X_Dimension	Time	
X0	0.0000000000000000E+0	
Delta_X	0.007143	
***End_of_Header***		
X_Value	Voltage	Comment
0.000000	1.282474
0.007143	1.474871
0.014286	1.418490
0.021429	1.447158
0.028571	1.311780
0.035714	1.575848
0.042857	1.358605
0.050000	1.422312
0.057143	1.299994
0.064286	1.620124
0.071429	1.566292
0.078571	1.509273
0.085714	1.573936
0.092857	1.407341
0.100000	1.485383
0.107143	1.483153
0.114286	1.540490
0.121428	1.263043
0.128571	1.247435
0.135714	1.364976
0.142857	1.327707
0.150000	1.387592
0.157143	1.626495
0.164286	1.384406
0.171428	1.538260
0.178571	1.382495
0.185714	1.429002
0.192857	1.490161
0.200000	1.517555
0.207143	1.543038
0.214285	1.332166
0.221428	1.520741
0.228571	1.478057
0.235714	1.401926
0.242857	1.539534
0.250000	1.396829
0.257143	1.522970
0.264285	1.490798
0.271428	1.369435
0.278571	1.335033
0.285714	1.488250
0.292857	1.343315
0.300000	1.463404
0.307143	1.417216
0.314285	1.487294
0.321428	1.440788
0.328571	1.245842
0.335714	1.472960
0.342857	1.486020
0.350000	1.410526
0.357143	1.582218
0.364285	1.430276
0.371428	1.464359
0.378571	1.357331
0.385714	1.355419
0.392857	1.515644
0.400000	1.414986
0.407142	1.361153
0.414285	1.450344
0.421428	1.425816
0.428571	1.425179
0.435714	1.275466
0.442857	1.330892
0.450000	1.394600
0.457142	1.654845
0.464285	1.483790
0.471428	1.525200
0.478571	1.431869
0.485714	1.530297
0.492857	1.542083
0.499999	1.417853
0.507142	1.388547
0.514285	1.337900
0.521428	1.494939
0.528571	1.377080
0.535714	1.449388
0.542857	1.552276
0.549999	1.353190
0.557142	1.530934
0.564285	1.473916
0.571428	1.382177
0.578571	1.581900
0.585714	1.358923
0.592857	1.641467
0.599999	1.371028
0.607142	1.445884
0.614285	1.520104
0.621428	1.462448
0.628571	1.428365
0.635714	1.591138
0.642857	1.502265
0.649999	1.481242
0.657142	1.349049
0.664285	1.453529
0.671428	1.516600
0.678571	1.334396
0.685714	1.490798
0.692856	1.450025
0.699999	1.496850
0.707142	1.267184
0.714285	1.432824
0.721428	1.308594
0.728571	1.492391
0.735714	1.371028
0.742856	1.478694
0.749999	1.526474
0.757142	1.353827
0.764285	1.525200
0.771428	1.358286
0.778571	1.501310
0.785713	1.488568
0.792856	1.494939
0.799999	1.411164
0.807142	1.362746
0.814285	1.482835
0.821428	1.443654
0.828571	1.506088
0.835713	1.434098
0.842856	1.488887
0.849999	1.470730
0.857142	1.443973
0.864285	1.474871
0.871428	1.434417
0.878571	1.480605
0.885713	1.528067
0.892856	1.438558
0.899999	1.592730
0.907142	1.454803
0.914285	1.264636
0.921428	1.384406
0.928570	1.450344
0.935713	1.506406
0.942856	1.356056
0.949999	1.419127
0.957142	1.384406
0.964285	1.459581
0.971428	1.386955
0.978570	1.356056
0.985713	1.474234
0.992856	1.392688
0.999999	1.298720
1.007142	1.552276
1.014285	1.402244
1.021428	1.279289
1.028570	1.601012
1.035713	1.470412
1.042856	1.250620
1.049999	1.459263
1.057142	1.292667
1.064285	1.457352
1.071427	1.559921
1.078570	1.461811
1.085713	1.544949
1.092856	1.506725
1.099999	1.391096
1.107142	1.483472
1.114285	1.392370
1.121427	1.516281
1.128570	1.454166
1.135713	1.318150
1.142856	1.330573
1.149999	1.501310
1.157142	1.405111
1.164285	1.483790
1.171427	1.461811
1.178570	1.481560
1.185713	1.546224
1.192856	1.286297
1.199999	1.494620
1.207142	1.412438
1.214284	1.576803
1.221427	1.521059
1.228570	1.390140
1.235713	1.334077
1.242856	1.479012
1.249999	1.492709
1.257142	1.444291
1.264284	1.521378
1.271427	1.391414
1.278570	1.443017
1.285713	1.359560
1.292856	1.399378
1.299999	1.513414
1.307142	1.330255
1.314284	1.405748
1.321427	1.402563
1.328570	1.581900
1.335713	1.479649
1.342856	1.664401
1.349999	1.514051
1.357141	1.450981
1.364284	1.503221
1.371427	1.421675
1.378570	1.536668
1.385713	1.559284
1.392856	1.552913
1.399999	1.524563
1.407141	1.474871
1.414284	1.440788
1.421427	1.276422
1.428570	1.401289
1.435713	1.527111
1.442856	1.368798
1.449999	1.383769
1.457141	1.438558
1.464284	1.405430
1.471427	1.451936
1.478570	1.397148
1.485713	1.435691
1.492856	1.402882
1.499999	1.406704
1.507141	1.442062
1.514284	1.546542
1.521427	1.603560
1.528570	1.411801
1.535713	1.450344
1.542856	1.555461
1.549998	1.495895
1.557141	1.515644
1.564284	1.483472
1.571427	1.444610
1.578570	1.540809
1.585713	1.306683
1.592856	1.486020
1.599998	1.378991
1.607141	1.333759
1.614284	1.366250
1.621427	1.390140
1.628570	1.350004
1.635713	1.399696
1.642856	1.296171
1.649998	1.349686
1.657141	1.395237
1.664284	1.518192
1.671427	1.500036
1.678570	1.466908
1.685713	1.379310
1.692855	1.401607
1.699998	1.371028
1.707141	1.279926
1.714284	1.495258
1.721427	1.569795
1.728570	1.492709
1.735713	1.407023
1.742855	1.457989
1.749998	1.305727
1.757141	1.358605
1.764284	1.491435
1.771427	1.497806
1.778570	1.486657
1.785713	1.579670
1.792855	1.574255
1.799998	1.493665
1.807141	1.464041
1.814284	1.300631
1.821427	1.325795
1.828570	1.423905
1.835712	1.432506
1.842855	1.320062
1.849998	1.352871
1.857141	1.383769
1.864284	1.391096
1.871427	1.483153
1.878570	1.485383
1.885712	1.637326
1.892855	1.431550
1.899998	1.468500
1.907141	1.399059
1.914284	1.515007
1.921427	1.408615
1.928570	1.424861
1.935712	1.541764
1.942855	1.431869
1.949998	1.385362
1.957141	1.466908
1.964284	1.369754
1.971427	1.585085
1.978569	1.554187
1.985712	1.517874
1.992855	1.377399
1.999998	1.578396
2.007141	1.417534
2.014284	1.355419
2.021427	1.445884
2.028569	1.552594
2.035712	1.553231
2.042855	1.280244
2.049998	1.407341
2.057141	1.497806
2.064284	1.476464
2.071426	1.481560
2.078569	1.563743
2.085712	1.353508
2.092855	1.338855
2.099998	1.464041
2.107141	1.524245
2.114284	1.518829
2.121426	1.485064
2.128569	1.408934
2.135712	1.360835
2.142855	1.384406
2.149998	1.471367
2.157141	1.488250
2.164284	1.383451
2.171426	1.349049
2.178569	1.488568
2.185712	1.357968
2.192855	1.438239
2.199998	1.509592
2.207141	1.382814
2.214284	1.484109
2.221426	1.273555
2.228569	1.437602
2.235712	1.509592
2.242855	1.469456
2.249998	1.488250
2.257141	1.292030
2.264283	1.565973
2.271426	1.475190
2.278569	1.385362
2.285712	1.296171
2.292855	1.478694
2.299998	1.327707
2.307141	1.483790
2.314283	1.423905
2.321426	1.284067
2.328569	1.500673
2.335712	1.466271
2.342855	1.440150
2.349998	1.289163
2.357140	1.446203
2.364283	1.456396
2.371426	1.264955
2.378569	1.368161
2.385712	1.518192
2.392855	1.586359
2.399998	1.421038
2.407140	1.498761
2.414283	1.461174
2.421426	1.431869
2.428569	1.544949
2.435712	1.333122
2.442855	1.511184
2.449998	1.450662
2.457140	1.320699
2.464283	1.554824
2.471426	1.331529
2.478569	1.435054
2.485712	1.589545
2.492855	1.407023
2.499998	1.598464
2.507140	1.441425
2.514283	1.481242
2.521426	1.369754
2.528569	1.520104
2.535712	1.497169
2.542855	1.308594
2.549997	1.451936
2.557140	1.478375
2.564283	1.570751
2.571426	1.499717
2.578569	1.516600
2.585712	1.579352
2.592855	1.387273
2.599997	1.499399
2.607140	1.475827
2.614283	1.415305
2.621426	1.398422
2.628569	1.235968
2.635712	1.431550
2.642854	1.390777
2.649997	1.495258
2.657140	1.531889
2.664283	1.342996
2.671426	1.561832
2.678569	1.463722
2.685712	1.489205
2.692854	1.425498
2.699997	1.443654
2.707140	1.549409
2.714283	1.539216
2.721426	1.533801
2.728569	1.572662
2.735712	1.356056
2.742854	1.517237
2.749997	1.395555
2.757140	1.389503
2.764283	1.398103
2.771426	1.476145
2.778569	1.320699
2.785712	1.520422
2.792854	1.546861
2.799997	1.463722
2.807140	1.309231
2.814283	1.502584
2.821426	1.359242
2.828569	1.617895
2.835711	1.439513
2.842854	1.470412
2.849997	1.465952
2.857140	1.475190
2.864283	1.434098
2.871426	1.495895
2.878569	1.326432
2.885711	1.403200
2.892854	1.565017
2.899997	1.339492
2.907140	1.338855
2.914283	1.418490
2.921426	1.501310
2.928568	1.446521
2.935711	1.419127
2.942854	1.357331
2.949997	1.538897
2.957140	1.549728
2.964283	1.465952
2.971426	1.440788
2.978568	1.464041
2.985711	1.450662
2.992854	1.360516
2.999997	1.522333
3.007140	1.368479
3.014283	1.675232
3.021426	1.521378
3.028568	1.547179
3.035711	1.433461
3.042854	1.483790
3.049997	1.548772
3.057140	1.569477
3.064283	1.390777
3.071426	1.454485
3.078568	1.404156
3.085711	1.263362
3.092854	1.558965
3.099997	1.452255
3.107140	1.516918
3.114283	1.545268
3.121425	1.408615
3.128568	1.345226
3.135711	1.579033
3.142854	1.440788
3.149997	1.285341
3.157140	1.634777
3.164283	1.464996
3.171425	1.409571
3.178568	1.454166
3.185711	1.345545
3.192854	1.366250
3.199997	1.465952
3.207140	1.310824
3.214282	1.535075
3.221425	1.464041
3.228568	1.584130
3.235711	1.473278
3.242854	1.274829
3.249997	1.394600
3.257140	1.401289
3.264282	1.533801
3.271425	1.493028
3.278568	1.520104
3.285711	1.365294
3.292854	1.305727
3.299997	1.296171
3.307140	1.455440
3.314282	1.292349
3.321425	1.421994
3.328568	1.432187
3.335711	1.506088
3.342854	1.513096
3.349997	1.496532
3.357140	1.347137
3.364282	1.402882
3.371425	1.354464
3.378568	1.463404
3.385711	1.403200
3.392854	1.399378
3.399997	1.493665
3.407139	1.369435
3.414282	1.368798
3.421425	1.479012
3.428568	1.568840
3.435711	1.311780
3.442854	1.379310
3.449997	1.536668
3.457139	1.466271
3.464282	1.475508
3.471425	1.520741
3.478568	1.582218
3.485711	1.295853
3.492854	1.420083
3.499996	1.533482
3.507139	1.404156
3.514282	1.619806
3.521425	1.473916
3.528568	1.325158
3.535711	1.458307
3.542854	1.266547
3.549996	1.422949
3.557139	1.429639
3.564282	1.429639
3.571425	1.399378
3.578568	1.502902
3.585711	1.556735
3.592854	1.516918
3.599996	1.368161
3.607139	1.341722
3.614282	1.481560
3.621425	1.235968
3.628568	1.466589
3.635711	1.317195
3.642854	1.651341
3.649996	1.304135
3.657139	1.447158
3.664282	1.356694
3.671425	1.611524
3.678568	1.430594
3.685711	1.450662
3.692853	1.548772
3.699996	1.524882
3.707139	1.490161
3.714282	1.544312
3.721425	1.487931
3.728568	1.414667
3.735711	1.397466
3.742853	1.454485
3.749996	1.295216
3.757139	1.344908
3.764282	1.380902
3.771425	1.502265
3.778568	1.542083
3.785710	1.331529
3.792853	1.348093
3.799996	1.501628
3.807139	1.284385
3.814282	1.478375
3.821425	1.427728
3.828568	1.224500
3.835710	1.632229
3.842853	1.446203
3.849996	1.482198
3.857139	1.466908
3.864282	1.341404
3.871425	1.466908
3.878568	1.327388
3.885710	1.503221
3.892853	1.510229
3.899996	1.614072
3.907139	1.480923
3.914282	1.693070
3.921425	1.488568
3.928568	1.316558
3.935710	1.524245
3.942853	1.375806
3.949996	1.394600
3.957139	1.407341
3.964282	1.455122
3.971425	1.538897
3.978567	1.369117
3.985710	1.364020
3.992853	1.586678
3.999996	1.392051
4.007139	1.335670
4.014282	1.495576
4.021425	1.437284
4.028567	1.563743
4.035710	1.439513
4.042853	1.450662
4.049996	1.377399
4.057139	1.483472
4.064282	1.410526
4.071424	1.350641
4.078567	1.379310
4.085710	1.284704
4.092853	1.585085
4.099996	1.325795
4.107139	1.617576
4.114282	1.439195
4.121424	1.551639
4.128567	1.417853
4.135710	1.456077
4.142853	1.477101
4.149996	1.485064
4.157139	1.434735
4.164282	1.527430
4.171424	1.316239
4.178567	1.457670
4.185710	1.532208
4.192853	1.373895
4.199996	1.441743
4.207139	1.549090
4.214282	1.555461
4.221424	1.452892
4.228567	1.429002
4.235710	1.565973
4.242853	1.478375
4.249996	1.607701
4.257139	1.379947
4.264281	1.278652
4.271424	1.364338
4.278567	1.371665
4.285710	1.377399
4.292853	1.307320
4.299996	1.416260
4.307139	1.638600
4.314281	1.443336
4.321424	1.562788
4.328567	1.511503
4.335710	1.354464
4.342853	1.386955
4.349996	1.435054
4.357139	1.495895
4.364281	1.585722
4.371424	1.296490
4.378567	1.369435
4.385710	1.435372
4.392853	1.516281
4.399996	1.395237
4.407138	1.441425
4.414281	1.458626
4.421424	1.266229
4.428567	1.466271
4.435710	1.631592
4.442853	1.398741
4.449996	1.624903
4.457138	1.577122
4.464281	1.304135
4.471424	1.416579
4.478567	1.431550
4.485710	1.420720
4.492853	1.567566
4.499995	1.412119
4.507138	1.353827
4.514281	1.487613
4.521424	1.465315
4.528567	1.411801
4.535710	1.457989
4.542853	1.294579
4.549995	1.449707
4.557138	1.333440
4.564281	1.429002
4.571424	1.399378
4.578567	1.457033
4.585710	1.282793
4.592853	1.411801
4.599995	1.420401
4.607138	1.386318
4.614281	1.450344
4.621424	1.469456
4.628567	1.501310
4.635710	1.421038
4.642853	1.510866
4.649995	1.399378
4.657138	1.542083
4.664281	1.321973
4.671424	1.552276
4.678567	1.435372
4.685710	1.413393
4.692852	1.272600
4.699995	1.332485
4.707138	1.367842
4.714281	1.398741
4.721424	1.526474
4.728567	1.452892
4.735710	1.282793
4.742852	1.348412
4.749995	1.488887
4.757138	1.420720
4.764281	1.549409
4.771424	1.490798
4.778567	1.478375
4.785710	1.500991
4.792852	1.363383
4.799995	1.418171
4.807138	1.360197
4.814281	1.562469
4.821424	1.326432
4.828567	1.432506
4.835709	1.393007
4.842852	1.301586
4.849995	1.528067
4.857138	1.502265
4.864281	1.443017
4.871424	1.443017
4.878567	1.302861
4.885709	1.496850
4.892852	1.397148
4.899995	1.573936
4.907138	1.547816
4.914281	1.466908
4.921424	1.344908
4.928566	1.417216
4.935709	1.398741
4.942852	1.499399
4.949995	1.439832
4.957138	1.506406
4.964281	1.469456
4.971424	1.292349
4.978566	1.363701
4.985709	1.415305
4.992852	1.435054

