LabVIEW Measurement	
Writer_Version	2
Reader_Version	2
Separator	Tab
Decimal_Separator	.
Multi_Headings	Yes
X_Columns	One
Time_Pref	Absolute
Operator	labuser
Date	2023/05/22
Time	16:00:38.141000349999930645
***End_of_Header***	
	
Channels	1	
Samples	700	
Date	2023/05/22	
Time	16:00:38.141000349999930645	
Y_Unit_Label	Volts	
X_Dimension	Time	
X0	0.0000000000000000E+0	
Delta_X	0.007143	
***End_of_Header***		
X_Value	Voltage	Comment
0.000000	1.682558
0.007143	1.651978
0.014286	1.701989
0.021429	1.668542
0.028571	1.671409
0.035714	1.681602
0.042857	1.687973
0.050000	1.704218
0.057143	1.686062
0.064286	1.694662
0.071429	1.677143
0.078571	1.692751
0.085714	1.625858
0.092857	1.698166
0.100000	1.651660
0.107143	1.657712
0.114286	1.433780
0.121428	1.690203
0.128571	1.685743
0.135714	1.714412
0.142857	1.645289
0.150000	1.664083
0.157143	1.708359
0.164286	1.689884
0.171428	1.696574
0.178571	1.662171
0.185714	1.682876
0.192857	1.694981
0.200000	1.685743
0.207143	1.678417
0.214285	1.699440
0.221428	1.680010
0.228571	1.665357
0.235714	1.690840
0.242857	1.670453
0.250000	1.661853
0.257143	1.709952
0.264285	1.645608
0.271428	1.682239
0.278571	1.682558
0.285714	1.707085
0.292857	1.649430
0.300000	1.683195
0.307143	1.683832
0.314285	1.687655
0.321428	1.671409
0.328571	1.706130
0.335714	1.691158
0.342857	1.682239
0.350000	1.683514
0.357143	1.700396
0.364285	1.654208
0.371428	1.699759
0.378571	1.660260
0.385714	1.713775
0.392857	1.641148
0.400000	1.706130
0.407142	1.684151
0.414285	1.678098
0.421428	1.700078
0.428571	1.682876
0.435714	1.661216
0.442857	1.692114
0.450000	1.677780
0.457142	1.699122
0.464285	1.651978
0.471428	1.654208
0.478571	1.706448
0.485714	1.671728
0.492857	1.699440
0.499999	1.652934
0.507142	1.714412
0.514285	1.668224
0.521428	1.715367
0.528571	1.660897
0.535714	1.695618
0.542857	1.656438
0.549999	1.673320
0.557142	1.689566
0.564285	1.688929
0.571428	1.690521
0.578571	1.683195
0.585714	1.682876
0.592857	1.695299
0.599999	1.673002
0.607142	1.665675
0.614285	1.687336
0.621428	1.692433
0.628571	1.673002
0.635714	1.689247
0.642857	1.698803
0.649999	1.667905
0.657142	1.677461
0.664285	1.711226
0.671428	1.655164
0.678571	1.704537
0.685714	1.688929
0.692856	1.689566
0.699999	1.681921
0.707142	1.692433
0.714285	1.683514
0.721428	1.680010
0.728571	1.698803
0.735714	1.691477
0.742856	1.690521
0.749999	1.716641
0.757142	1.664083
0.764285	1.686380
0.771428	1.674594
0.778571	1.666631
0.785713	1.674276
0.792856	1.694025
0.799999	1.697211
0.807142	1.682876
0.814285	1.685425
0.821428	1.662490
0.828571	1.671728
0.835713	1.683195
0.842856	1.704856
0.849999	1.672046
0.857142	1.689247
0.864285	1.689247
0.871428	1.664401
0.878571	1.651341
0.885713	1.658986
0.892856	1.699759
0.899999	1.691158
0.907142	1.699440
0.914285	1.665675
0.921428	1.692751
0.928570	1.681284
0.935713	1.657712
0.942856	1.676824
0.949999	1.715367
0.957142	1.665357
0.964285	1.681921
0.971428	1.694981
0.978570	1.653889
0.985713	1.678735
0.992856	1.687655
0.999999	1.653252
1.007142	1.697848
1.014285	1.652297
1.021428	1.669816
1.028570	1.673957
1.035713	1.701670
1.042856	1.654845
1.049999	1.699122
1.057142	1.689566
1.064285	1.698166
1.071427	1.665357
1.078570	1.714730
1.085713	1.674594
1.092856	1.667587
1.099999	1.696892
1.107142	1.680328
1.114285	1.699122
1.121427	1.678098
1.128570	1.665675
1.135713	1.693707
1.142856	1.694981
1.149999	1.656119
1.157142	1.690203
1.164285	1.674594
1.171427	1.706130
1.178570	1.679691
1.185713	1.680965
1.192856	1.692114
1.199999	1.686062
1.207142	1.701352
1.214284	1.692114
1.221427	1.677461
1.228570	1.703581
1.235713	1.673957
1.242856	1.685743
1.249999	1.683514
1.257142	1.699440
1.264284	1.710589
1.271427	1.679373
1.278570	1.679054
1.285713	1.689566
1.292856	1.697848
1.299999	1.659305
1.307142	1.695937
1.314284	1.673002
1.321427	1.695937
1.328570	1.667268
1.335713	1.684151
1.342856	1.682558
1.349999	1.666950
1.357141	1.690521
1.364284	1.670772
1.371427	1.701033
1.378570	1.654527
1.385713	1.674913
1.392856	1.705174
1.399999	1.677780
1.407141	1.699440
1.414284	1.691796
1.421427	1.680965
1.428570	1.682558
1.435713	1.647519
1.442856	1.680647
1.449999	1.695299
1.457141	1.673002
1.464284	1.665994
1.471427	1.663764
1.478570	1.677143
1.485713	1.687017
1.492856	1.684469
1.499999	1.681284
1.507141	1.689884
1.514284	1.660579
1.521427	1.711226
1.528570	1.642741
1.535713	1.707085
1.542856	1.679691
1.549998	1.675232
1.557141	1.690840
1.564284	1.673957
1.571427	1.694981
1.578570	1.682558
1.585713	1.695299
1.592856	1.673957
1.599998	1.703900
1.607141	1.658030
1.614284	1.702307
1.621427	1.696574
1.628570	1.693070
1.635713	1.671409
1.642856	1.699759
1.649998	1.684788
1.657141	1.662809
1.664284	1.655482
1.671427	1.705174
1.678570	1.671091
1.685713	1.690203
1.692855	1.668542
1.699998	1.695618
1.707141	1.674276
1.714284	1.682239
1.721427	1.692433
1.728570	1.699759
1.735713	1.660579
1.742855	1.692114
1.749998	1.676824
1.757141	1.662490
1.764284	1.700715
1.771427	1.658986
1.778570	1.712182
1.785713	1.682239
1.792855	1.687655
1.799998	1.693707
1.807141	1.663446
1.814284	1.705493
1.821427	1.673639
1.828570	1.680647
1.835712	1.708997
1.842855	1.681921
1.849998	1.682239
1.857141	1.688929
1.864284	1.670135
1.871427	1.678735
1.878570	1.666312
1.885712	1.670453
1.892855	1.703900
1.899998	1.692751
1.907141	1.658986
1.914284	1.697848
1.921427	1.657393
1.928570	1.698166
1.935712	1.678417
1.942855	1.697211
1.949998	1.687655
1.957141	1.692751
1.964284	1.650704
1.971427	1.701352
1.978569	1.668542
1.985712	1.686062
1.992855	1.673957
1.999998	1.678417
2.007141	1.657075
2.014284	1.708041
2.021427	1.664401
2.028569	1.708359
2.035712	1.677780
2.042855	1.678417
2.049998	1.705174
2.057141	1.684788
2.064284	1.679691
2.071426	1.699122
2.078569	1.673002
2.085712	1.684151
2.092855	1.693707
2.099998	1.651660
2.107141	1.706130
2.114284	1.685743
2.121426	1.700078
2.128569	1.653889
2.135712	1.697211
2.142855	1.683195
2.149998	1.695618
2.157141	1.648156
2.164284	1.691158
2.171426	1.653889
2.178569	1.680647
2.185712	1.689566
2.192855	1.672365
2.199998	1.685106
2.207141	1.582856
2.214284	1.690840
2.221426	1.695618
2.228569	1.674594
2.235712	1.698166
2.242855	1.655482
2.249998	1.679054
2.257141	1.691158
2.264283	1.676506
2.271426	1.700078
2.278569	1.672046
2.285712	1.702626
2.292855	1.649111
2.299998	1.697211
2.307141	1.693707
2.314283	1.699759
2.321426	1.647837
2.328569	1.689884
2.335712	1.685106
2.342855	1.673320
2.349998	1.674913
2.357140	1.698166
2.364283	1.682558
2.371426	1.681602
2.378569	1.693388
2.385712	1.694981
2.392855	1.694025
2.399998	1.695299
2.407140	1.671728
2.414283	1.671728
2.421426	1.687336
2.428569	1.673957
2.435712	1.666312
2.442855	1.709315
2.449998	1.688610
2.457140	1.677143
2.464283	1.670772
2.471426	1.689566
2.478569	1.664401
2.485712	1.715367
2.492855	1.646882
2.499998	1.708041
2.507140	1.658986
2.514283	1.686380
2.521426	1.668224
2.528569	1.664083
2.535712	1.677143
2.542855	1.705174
2.549997	1.660579
2.557140	1.695618
2.564283	1.668224
2.571426	1.671409
2.578569	1.682558
2.585712	1.701352
2.592855	1.671091
2.599997	1.696255
2.607140	1.688610
2.614283	1.690840
2.621426	1.680010
2.628569	1.670135
2.635712	1.701670
2.642854	1.680965
2.649997	1.708041
2.657140	1.692433
2.664283	1.700396
2.671426	1.688292
2.678569	1.665357
2.685712	1.683832
2.692854	1.688610
2.699997	1.658986
2.707140	1.690203
2.714283	1.681284
2.721426	1.661216
2.728569	1.668224
2.735712	1.658030
2.742854	1.690840
2.749997	1.707722
2.757140	1.677461
2.764283	1.697211
2.771426	1.656756
2.778569	1.692114
2.785712	1.708359
2.792854	1.668224
2.799997	1.685743
2.807140	1.675869
2.814283	1.704537
2.821426	1.681602
2.828569	1.688292
2.835711	1.681602
2.842854	1.694344
2.849997	1.647837
2.857140	1.680965
2.864283	1.697529
2.871426	1.694981
2.878569	1.654527
2.885711	1.688610
2.892854	1.676824
2.899997	1.676824
2.907140	1.684469
2.914283	1.670772
2.921426	1.666312
2.928568	1.694981
2.935711	1.684469
2.942854	1.664720
2.949997	1.704856
2.957140	1.638281
2.964283	1.655801
2.971426	1.712819
2.978568	1.672365
2.985711	1.698803
2.992854	1.688292
2.999997	1.698485
3.007140	1.687973
3.014283	1.684469
3.021426	1.665357
3.028568	1.707404
3.035711	1.679054
3.042854	1.689884
3.049997	1.674594
3.057140	1.705174
3.064283	1.665675
3.071426	1.694981
3.078568	1.691158
3.085711	1.694344
3.092854	1.691477
3.099997	1.639555
3.107140	1.689247
3.114283	1.674276
3.121425	1.670135
3.128568	1.689884
3.135711	1.697529
3.142854	1.668861
3.149997	1.687655
3.157140	1.695937
3.164283	1.671728
3.171425	1.696892
3.178568	1.676187
3.185711	1.701352
3.192854	1.689566
3.199997	1.668224
3.207140	1.696255
3.214282	1.690203
3.221425	1.663446
3.228568	1.659623
3.235711	1.675550
3.242854	1.693070
3.249997	1.700396
3.257140	1.663446
3.264282	1.703900
3.271425	1.642741
3.278568	1.665357
3.285711	1.684151
3.292854	1.662809
3.299997	1.681602
3.307140	1.685425
3.314282	1.684788
3.321425	1.687017
3.328568	1.695937
3.335711	1.692114
3.342854	1.679373
3.349997	1.663764
3.357140	1.670772
3.364282	1.657393
3.371425	1.663764
3.378568	1.704218
3.385711	1.674913
3.392854	1.675232
3.399997	1.671728
3.407139	1.680647
3.414282	1.694981
3.421425	1.666950
3.428568	1.677461
3.435711	1.669179
3.442854	1.686380
3.449997	1.670453
3.457139	1.683514
3.464282	1.691158
3.471425	1.671728
3.478568	1.703900
3.485711	1.636051
3.492854	1.678735
3.499996	1.701670
3.507139	1.694981
3.514282	1.673957
3.521425	1.670772
3.528568	1.680647
3.535711	1.679373
3.542854	1.693070
3.549996	1.649430
3.557139	1.702944
3.564282	1.691477
3.571425	1.689566
3.578568	1.684151
3.585711	1.677461
3.592854	1.671409
3.599996	1.643696
3.607139	1.665357
3.614282	1.694981
3.621425	1.692751
3.628568	1.690521
3.635711	1.658030
3.642854	1.672046
3.649996	1.687655
3.657139	1.680328
3.664282	1.694662
3.671425	1.697211
3.678568	1.696255
3.685711	1.664083
3.692853	1.662171
3.699996	1.694662
3.707139	1.675550
3.714282	1.680965
3.721425	1.640192
3.728568	1.680965
3.735711	1.699122
3.742853	1.687017
3.749996	1.651023
3.757139	1.682239
3.764282	1.694025
3.771425	1.656756
3.778568	1.671409
3.785710	1.702307
3.792853	1.673957
3.799996	1.709952
3.807139	1.641148
3.814282	1.714093
3.821425	1.675869
3.828568	1.680965
3.835710	1.668861
3.842853	1.698166
3.849996	1.668224
3.857139	1.701670
3.864282	1.681921
3.871425	1.678735
3.878568	1.655482
3.885710	1.705811
3.892853	1.694344
3.899996	1.673639
3.907139	1.710271
3.914282	1.655482
3.921425	1.701352
3.928568	1.667587
3.935710	1.667905
3.942853	1.651660
3.949996	1.686380
3.957139	1.673002
3.964282	1.695937
3.971425	1.672046
3.978567	1.690840
3.985710	1.701352
3.992853	1.673957
3.999996	1.696892
4.007139	1.677143
4.014282	1.696892
4.021425	1.685743
4.028567	1.672046
4.035710	1.699759
4.042853	1.660579
4.049996	1.699122
4.057139	1.673639
4.064282	1.693070
4.071424	1.687336
4.078567	1.694344
4.085710	1.669816
4.092853	1.692114
4.099996	1.697211
4.107139	1.680328
4.114282	1.694981
4.121424	1.689566
4.128567	1.658030
4.135710	1.683195
4.142853	1.683514
4.149996	1.690521
4.157139	1.661216
4.164282	1.693070
4.171424	1.677143
4.178567	1.688929
4.185710	1.677461
4.192853	1.684788
4.199996	1.688929
4.207139	1.672046
4.214282	1.685743
4.221424	1.675232
4.228567	1.674594
4.235710	1.673957
4.242853	1.691158
4.249996	1.689247
4.257139	1.677461
4.264281	1.694344
4.271424	1.641467
4.278567	1.710271
4.285710	1.682558
4.292853	1.678735
4.299996	1.672046
4.307139	1.695299
4.314281	1.659305
4.321424	1.672365
4.328567	1.693707
4.335710	1.678098
4.342853	1.703581
4.349996	1.658668
4.357139	1.693388
4.364281	1.693388
4.371424	1.666950
4.378567	1.696892
4.385710	1.675869
4.392853	1.677780
4.399996	1.698803
4.407138	1.646882
4.414281	1.701989
4.421424	1.654527
4.428567	1.675232
4.435710	1.692433
4.442853	1.673320
4.449996	1.668861
4.457138	1.673957
4.464281	1.692433
4.471424	1.689247
4.478567	1.671091
4.485710	1.703263
4.492853	1.670135
4.499995	1.681284
4.507138	1.691477
4.514281	1.679054
4.521424	1.677143
4.528567	1.685743
4.535710	1.691158
4.542853	1.685425
4.549995	1.697211
4.557138	1.687336
4.564281	1.698485
4.571424	1.693070
4.578567	1.660897
4.585710	1.661853
4.592853	1.707404
4.599995	1.667268
4.607138	1.683195
4.614281	1.667587
4.621424	1.697529
4.628567	1.670772
4.635710	1.704537
4.642853	1.675232
4.649995	1.658030
4.657138	1.668861
4.664281	1.674276
4.671424	1.657393
4.678567	1.718553
4.685710	1.654527
4.692852	1.696255
4.699995	1.693070
4.707138	1.682239
4.714281	1.694662
4.721424	1.684788
4.728567	1.682239
4.735710	1.700078
4.742852	1.673957
4.749995	1.689247
4.757138	1.693070
4.764281	1.687336
4.771424	1.696255
4.778567	1.645289
4.785710	1.689247
4.792852	1.675232
4.799995	1.693070
4.807138	1.660579
4.814281	1.696574
4.821424	1.660260
4.828567	1.713456
4.835709	1.669816
4.842852	1.666950
4.849995	1.694662
4.857138	1.664083
4.864281	1.672365
4.871424	1.691796
4.878567	1.661534
4.885709	1.714093
4.892852	1.658030
4.899995	1.698166
4.907138	1.691796
4.914281	1.688610
4.921424	1.665994
4.928566	1.670772
4.935709	1.698803
4.942852	1.687973
4.949995	1.699440
4.957138	1.681921
4.964281	1.681284
4.971424	1.691158
4.978566	1.680328
4.985709	1.685743
4.992852	1.683832

