LabVIEW Measurement	
Writer_Version	2
Reader_Version	2
Separator	Tab
Decimal_Separator	.
Multi_Headings	Yes
X_Columns	One
Time_Pref	Absolute
Operator	labuser
Date	2023/05/22
Time	14:45:47.4232686999997809888
***End_of_Header***	

Channels	1	
Samples	700	
Date	2023/05/22	
Time	15:32:09.2800828499998590734	
Y_Unit_Label	Volts	
X_Dimension	Time	
X0	4.4999955000000000E+1	
Delta_X	0.007143	
***End_of_Header***		
X_Value	Voltage	Comment
44.999955	1.632547
45.007098	1.635733
45.014241	1.644015
45.021384	1.641785
45.028526	1.646882
45.035669	1.639874
45.042812	1.646882
45.049955	1.649430
45.057098	1.650067
45.064241	1.651341
45.071384	1.656756
45.078526	1.657393
45.085669	1.652934
45.092812	1.653889
45.099955	1.658986
45.107098	1.658349
45.114241	1.657393
45.121383	1.654845
45.128526	1.654527
45.135669	1.654527
45.142812	1.661853
45.149955	1.655801
45.157098	1.653252
45.164241	1.656756
45.171383	1.658986
45.178526	1.647519
45.185669	1.646882
45.192812	1.643059
45.199955	1.638918
45.207098	1.641467
45.214241	1.635733
45.221383	1.631273
45.228526	1.634459
45.235669	1.627769
45.242812	1.627769
45.249955	1.627132
45.257098	1.627451
45.264240	1.628088
45.271383	1.624584
45.278526	1.625858
45.285669	1.625221
45.292812	1.627132
45.299955	1.624903
45.307098	1.624903
45.314240	1.626495
45.321383	1.623947
45.328526	1.625221
45.335669	1.626495
45.342812	1.624903
45.349955	1.624265
45.357098	1.630318
45.364240	1.629999
45.371383	1.636370
45.378526	1.637326
45.385669	1.638918
45.392812	1.634459
45.399955	1.638281
45.407097	1.633185
45.414240	1.635096
45.421383	1.639874
45.428526	1.637007
45.435669	1.644333
45.442812	1.638600
45.449955	1.650704
45.457097	1.648474
45.464240	1.648793
45.471383	1.618213
45.478526	1.644652
45.485669	1.643696
45.492812	1.650067
45.499955	1.653889
45.507097	1.644970
45.514240	1.652297
45.521383	1.653889
45.528526	1.653571
45.535669	1.657712
45.542812	1.657712
45.549954	1.651978
45.557097	1.656756
45.564240	1.653889
45.571383	1.655482
45.578526	1.658349
45.585669	1.661534
45.592812	1.673957
45.599954	1.659305
45.607097	1.657075
45.614240	1.658986
45.621383	1.655482
45.628526	1.657075
45.635669	1.656756
45.642812	1.655482
45.649954	1.656119
45.657097	1.651660
45.664240	1.650386
45.671383	1.652297
45.678526	1.652934
45.685669	1.648793
45.692811	1.646245
45.699954	1.646245
45.707097	1.643378
45.714240	1.641785
45.721383	1.640192
45.728526	1.642422
45.735669	1.639237
45.742811	1.639237
45.749954	1.634459
45.757097	1.633822
45.764240	1.629999
45.771383	1.629362
45.778526	1.628088
45.785668	1.626495
45.792811	1.627451
45.799954	1.626177
45.807097	1.628725
45.814240	1.624584
45.821383	1.623947
45.828526	1.624584
45.835668	1.624903
45.842811	1.628406
45.849954	1.630318
45.857097	1.629999
45.864240	1.627451
45.871383	1.630955
45.878526	1.629044
45.885668	1.627769
45.892811	1.629999
45.899954	1.632866
45.907097	1.637644
45.914240	1.641467
45.921383	1.635733
45.928525	1.633822
45.935668	1.641467
45.942811	1.638281
45.949954	1.640829
45.957097	1.642104
45.964240	1.643378
45.971383	1.645608
45.978525	1.639555
45.985668	1.651341
45.992811	1.644015
45.999954	1.647200
46.007097	1.645926
46.014240	1.647200
46.021383	1.647519
46.028525	1.642104
46.035668	1.644970
46.042811	1.653252
46.049954	1.652934
46.057097	1.650386
46.064240	1.656438
46.071382	1.658668
46.078525	1.663764
46.085668	1.651023
46.092811	1.651660
46.099954	1.658668
46.107097	1.651660
46.114240	1.651341
46.121382	1.652934
46.128525	1.652934
46.135668	1.654527
46.142811	1.658349
46.149954	1.656119
46.157097	1.657393
46.164240	1.652615
46.171382	1.653889
46.178525	1.659942
46.185668	1.653889
46.192811	1.651023
46.199954	1.656756
46.207097	1.652615
46.214239	1.648474
46.221382	1.654208
46.228525	1.646882
46.235668	1.647200
46.242811	1.641785
46.249954	1.646563
46.257097	1.645926
46.264239	1.643059
46.271382	1.643378
46.278525	1.642104
46.285668	1.635414
46.292811	1.636051
46.299954	1.637007
46.307097	1.635733
46.314239	1.637963
46.321382	1.633503
46.328525	1.631910
46.335668	1.634140
46.342811	1.635096
46.349954	1.633185
46.357096	1.630318
46.364239	1.629044
46.371382	1.623310
46.378525	1.630318
46.385668	1.627769
46.392811	1.627451
46.399954	1.626177
46.407096	1.626177
46.414239	1.628725
46.421382	1.626495
46.428525	1.627132
46.435668	1.627769
46.442811	1.625540
46.449954	1.623628
46.457096	1.626495
46.464239	1.627451
46.471382	1.624584
46.478525	1.623628
46.485668	1.626814
46.492811	1.625540
46.499954	1.633822
46.507096	1.631273
46.514239	1.625221
46.521382	1.627769
46.528525	1.628088
46.535668	1.635414
46.542811	1.638281
46.549953	1.640829
46.557096	1.637963
46.564239	1.628725
46.571382	1.645289
46.578525	1.640829
46.585668	1.642422
46.592811	1.645926
46.599953	1.649111
46.607096	1.630318
46.614239	1.648793
46.621382	1.640829
46.628525	1.646563
46.635668	1.646245
46.642811	1.648474
46.649953	1.652615
46.657096	1.644015
46.664239	1.645289
46.671382	1.650067
46.678525	1.656756
46.685668	1.656119
46.692810	1.659623
46.699953	1.655482
46.707096	1.659623
46.714239	1.656119
46.721382	1.658668
46.728525	1.661534
46.735668	1.660579
46.742810	1.659623
46.749953	1.657712
46.757096	1.657075
46.764239	1.656438
46.771382	1.659942
46.778525	1.658349
46.785668	1.656438
46.792810	1.657393
46.799953	1.651341
46.807096	1.655801
46.814239	1.655164
46.821382	1.652615
46.828525	1.653889
46.835667	1.645926
46.842810	1.649111
46.849953	1.649749
46.857096	1.644652
46.864239	1.646563
46.871382	1.644015
46.878525	1.644652
46.885667	1.637644
46.892810	1.640192
46.899953	1.640192
46.907096	1.637326
46.914239	1.639237
46.921382	1.636688
46.928525	1.636370
46.935667	1.627451
46.942810	1.630318
46.949953	1.627132
46.957096	1.631273
46.964239	1.631273
46.971382	1.626814
46.978524	1.628406
46.985667	1.629999
46.992810	1.628406
46.999953	1.627451
47.007096	1.625540
47.014239	1.623628
47.021382	1.625858
47.028524	1.628725
47.035667	1.625858
47.042810	1.629044
47.049953	1.626814
47.057096	1.633503
47.064239	1.631592
47.071382	1.637326
47.078524	1.637963
47.085667	1.637326
47.092810	1.604835
47.099953	1.643378
47.107096	1.644970
47.114239	1.645926
47.121381	1.647519
47.128524	1.652615
47.135667	1.645289
47.142810	1.643378
47.149953	1.649430
47.157096	1.648156
47.164239	1.646563
47.171381	1.647837
47.178524	1.652615
47.185667	1.649430
47.192810	1.657075
47.199953	1.653571
47.207096	1.639555
47.214239	1.656119
47.221381	1.651660
47.228524	1.654845
47.235667	1.654208
47.242810	1.655801
47.249953	1.653252
47.257096	1.658349
47.264238	1.656119
47.271381	1.656438
47.278524	1.653252
47.285667	1.656438
47.292810	1.651978
47.299953	1.650704
47.307096	1.647519
47.314238	1.645926
47.321381	1.645926
47.328524	1.644652
47.335667	1.641467
47.342810	1.639555
47.349953	1.634777
47.357095	1.635096
47.364238	1.634459
47.371381	1.631273
47.378524	1.632547
47.385667	1.629362
47.392810	1.628725
47.399953	1.626495
47.407095	1.627132
47.414238	1.624903
47.421381	1.627769
47.428524	1.626495
47.435667	1.622991
47.442810	1.624265
47.449953	1.625858
47.457095	1.626495
47.464238	1.627132
47.471381	1.629044
47.478524	1.625858
47.485667	1.630955
47.492810	1.631592
47.499952	1.630955
47.507095	1.633503
47.514238	1.633822
47.521381	1.625858
47.528524	1.629362
47.535667	1.635733
47.542810	1.635733
47.549952	1.632547
47.557095	1.633185
47.564238	1.626814
47.571381	1.633822
47.578524	1.631273
47.585667	1.638600
47.592810	1.638600
47.599952	1.640829
47.607095	1.643696
47.614238	1.639874
47.621381	1.645926
47.628524	1.637644
47.635667	1.637644
47.642809	1.644970
47.649952	1.642104
47.657095	1.644970
47.664238	1.643378
47.671381	1.645289
47.678524	1.648156
47.685667	1.647519
47.692809	1.647519
47.699952	1.651023
47.707095	1.640511
47.714238	1.648793
47.721381	1.656756
47.728524	1.654527
47.735667	1.653889
47.742809	1.653571
47.749952	1.655801
47.757095	1.655801
47.764238	1.659942
47.771381	1.657393
47.778524	1.659623
47.785666	1.652934
47.792809	1.654527
47.799952	1.656438
47.807095	1.652615
47.814238	1.653571
47.821381	1.655164
47.828524	1.652297
47.835666	1.651660
47.842809	1.650704
47.849952	1.651023
47.857095	1.653889
47.864238	1.650704
47.871381	1.645289
47.878524	1.645608
47.885666	1.647519
47.892809	1.641148
47.899952	1.644333
47.907095	1.644015
47.914238	1.642422
47.921381	1.636688
47.928523	1.638600
47.935666	1.637326
47.942809	1.633185
47.949952	1.634777
47.957095	1.634777
47.964238	1.630955
47.971381	1.631592
47.978523	1.629999
47.985666	1.624584
47.992809	1.626177
47.999952	1.624584
48.007095	1.624265
48.014238	1.624903
48.021381	1.624584
48.028523	1.627132
48.035666	1.627451
48.042809	1.628406
48.049952	1.628406
48.057095	1.627451
48.064238	1.628088
48.071381	1.623628
48.078523	1.629044
48.085666	1.618850
48.092809	1.630318
48.099952	1.635096
48.107095	1.630636
48.114238	1.635414
48.121380	1.634777
48.128523	1.642104
48.135666	1.644333
48.142809	1.640511
48.149952	1.644652
48.157095	1.641148
48.164238	1.649430
48.171380	1.650067
48.178523	1.640192
48.185666	1.647519
48.192809	1.654208
48.199952	1.655482
48.207095	1.651978
48.214238	1.656438
48.221380	1.655482
48.228523	1.655164
48.235666	1.657712
48.242809	1.656756
48.249952	1.657075
48.257095	1.656119
48.264237	1.654527
48.271380	1.651978
48.278523	1.649430
48.285666	1.651341
48.292809	1.651978
48.299952	1.647837
48.307095	1.645608
48.314237	1.645608
48.321380	1.642422
48.328523	1.641467
48.335666	1.639555
48.342809	1.637644
48.349952	1.638600
48.357095	1.638281
48.364237	1.634459
48.371380	1.633185
48.378523	1.633503
48.385666	1.634140
48.392809	1.631273
48.399952	1.630318
48.407094	1.628725
48.414237	1.627132
48.421380	1.628088
48.428523	1.629999
48.435666	1.625540
48.442809	1.627451
48.449952	1.627451
48.457094	1.626495
48.464237	1.626814
48.471380	1.632547
48.478523	1.631273
48.485666	1.628088
48.492809	1.628406
48.499952	1.629681
48.507094	1.634459
48.514237	1.627769
48.521380	1.633185
48.528523	1.635733
48.535666	1.630318
48.542809	1.631273
48.549951	1.634140
48.557094	1.642104
48.564237	1.639555
48.571380	1.639237
48.578523	1.642104
48.585666	1.639874
48.592809	1.640829
48.599951	1.642422
48.607094	1.645608
48.614237	1.649111
48.621380	1.637326
48.628523	1.645608
48.635666	1.643696
48.642809	1.644015
48.649951	1.646563
48.657094	1.653889
48.664237	1.650067
48.671380	1.653889
48.678523	1.652615
48.685666	1.663446
48.692808	1.622354
48.699951	1.654208
48.707094	1.657712
48.714237	1.655482
48.721380	1.654527
48.728523	1.654527
48.735666	1.656119
48.742808	1.658030
48.749951	1.655164
48.757094	1.661216
48.764237	1.659305
48.771380	1.653889
48.778523	1.654208
48.785666	1.656438
48.792808	1.656119
48.799951	1.654527
48.807094	1.653889
48.814237	1.653252
48.821380	1.653571
48.828523	1.652934
48.835665	1.653889
48.842808	1.650704
48.849951	1.649430
48.857094	1.647837
48.864237	1.647837
48.871380	1.646245
48.878523	1.645926
48.885665	1.644652
48.892808	1.644652
48.899951	1.643696
48.907094	1.641148
48.914237	1.641785
48.921380	1.637326
48.928522	1.635414
48.935665	1.632547
48.942808	1.630318
48.949951	1.634777
48.957094	1.633185
48.964237	1.631273
48.971380	1.630318
48.978522	1.631592
48.985665	1.629999
48.992808	1.628406
48.999951	1.627769
49.007094	1.628725
49.014237	1.623947
49.021380	1.623628
49.028522	1.625540
49.035665	1.624903
49.042808	1.622673
49.049951	1.623628
49.057094	1.621399
49.064237	1.627451
49.071379	1.624265
49.078522	1.625540
49.085665	1.624584
49.092808	1.624265
49.099951	1.622991
49.107094	1.622673
49.114237	1.625221
49.121379	1.625540
49.128522	1.629362
49.135665	1.627132
49.142808	1.628088
49.149951	1.635096
49.157094	1.627132
49.164237	1.631592
49.171379	1.628088
49.178522	1.631592
49.185665	1.631592
49.192808	1.626814
49.199951	1.627451
49.207094	1.627132
49.214236	1.627769
49.221379	1.633185
49.228522	1.637963
49.235665	1.635414
49.242808	1.637007
49.249951	1.640511
49.257094	1.658030
49.264236	1.638281
49.271379	1.638600
49.278522	1.651660
49.285665	1.644652
49.292808	1.646563
49.299951	1.646882
49.307094	1.652934
49.314236	1.651978
49.321379	1.652297
49.328522	1.655164
49.335665	1.650386
49.342808	1.647519
49.349951	1.647837
49.357093	1.638281
49.364236	1.651978
49.371379	1.653252
49.378522	1.653889
49.385665	1.657075
49.392808	1.657712
49.399951	1.652297
49.407093	1.658668
49.414236	1.661853
49.421379	1.659942
49.428522	1.657393
49.435665	1.654527
49.442808	1.656119
49.449951	1.656438
49.457093	1.652297
49.464236	1.653889
49.471379	1.654527
49.478522	1.651660
49.485665	1.651660
49.492808	1.646245
49.499950	1.643059
49.507093	1.642104
49.514236	1.642422
49.521379	1.639237
49.528522	1.637326
49.535665	1.637644
49.542808	1.635096
49.549950	1.639237
49.557093	1.637326
49.564236	1.633503
49.571379	1.633185
49.578522	1.635733
49.585665	1.633822
49.592808	1.629999
49.599950	1.626177
49.607093	1.624903
49.614236	1.625540
49.621379	1.628406
49.628522	1.628406
49.635665	1.626177
49.642808	1.629681
49.649950	1.628725
49.657093	1.627769
49.664236	1.629362
49.671379	1.625540
49.678522	1.626495
49.685665	1.625858
49.692807	1.628406
49.699950	1.628725
49.707093	1.624265
49.714236	1.628725
49.721379	1.628406
49.728522	1.636051
49.735665	1.631592
49.742807	1.644970
49.749950	1.634777
49.757093	1.634459
49.764236	1.637963
49.771379	1.635096
49.778522	1.640511
49.785665	1.643696
49.792807	1.643696
49.799950	1.645926
49.807093	1.640829
49.814236	1.637644
49.821379	1.646245
49.828522	1.635414
49.835664	1.638600
49.842807	1.639874
49.849950	1.636370
49.857093	1.644970
49.864236	1.638600
49.871379	1.637326
49.878522	1.640829
49.885664	1.645608
49.892807	1.647200
49.899950	1.647837
49.907093	1.649749
49.914236	1.651660
49.921379	1.653889
49.928522	1.648156
49.935664	1.650386
49.942807	1.646882
49.949950	1.644652
49.957093	1.656438
49.964236	1.644333
49.971379	1.653889
49.978521	1.655164
49.985664	1.656119
49.992807	1.655482

